#Date       Time        gpu    pwr  gtemp  mtemp     sm    mem    enc    dec    jpg    ofa   mclk   pclk 
#YYYYMMDD   HH:MM:SS    Idx      W      C      C      %      %      %      %      %      %    MHz    MHz 
 20240215   18:00:48      0     14     38      -      8      5      0      0      0      0    405    210 
 20240215   18:00:49      0     16     38      -      7      4      0      0      0      0    405    210 
 20240215   18:00:50      0     16     38      -      7      4      0      0      0      0    405    210 
 20240215   18:00:51      0     15     38      -      5      3      0      0      0      0    405    210 
 20240215   18:00:52      0     17     38      -     11      6      0      0      0      0    405    210 
 20240215   18:00:53      0     17     38      -      9      5      0      0      0      0    405    210 
 20240215   18:00:54      0     16     38      -      9      6      0      0      0      0    405    210 
 20240215   18:00:55      0     16     38      -      8      5      0      0      0      0    405    210 
 20240215   18:00:56      0     16     38      -      7      6      0      0      0      0    405    210 
 20240215   18:00:57      0     17     38      -     11      6      0      0      0      0    405    210 
 20240215   18:00:58      0     14     38      -      5      3      0      0      0      0    405    210 
 20240215   18:00:59      0     15     38      -      9      5      0      0      0      0    405    210 
 20240215   18:01:00      0     16     38      -      6      4      0      0      0      0    405    210 
 20240215   18:01:01      0     15     38      -      8      5      0      0      0      0    405    210 
 20240215   18:01:02      0     16     38      -      7      4      0      0      0      0    405    210 
 20240215   18:01:03      0     15     38      -      6      4      0      0      0      0    405    210 
 20240215   18:01:04      0     14     38      -      8      5      0      0      0      0    405    210 
 20240215   18:01:05      0     15     38      -      6      4      0      0      0      0    405    210 
 20240215   18:01:06      0     15     38      -      7      4      0      0      0      0    405    210 
 20240215   18:01:07      0     14     38      -      6     17      0      0      0      0    405    210 
 20240215   18:01:08      0     16     38      -      6      4      0      0      0      0    405    210 
 20240215   18:01:09      0     16     38      -      6      4      0      0      0      0    405    210 
 20240215   18:01:10      0     16     38      -      6      4      0      0      0      0    405    210 
 20240215   18:01:11      0     15     38      -      7      7      0      0      0      0    405    210 
 20240215   18:01:12      0     16     38      -      6      4      0      0      0      0    405    210 
 20240215   18:01:13      0     18     38      -      5      4      0      0      0      0    405    270 
 20240215   18:01:14      0     15     38      -      9      5      0      0      0      0    405    270 
 20240215   18:01:15      0     16     38      -     11      5      0      0      0      0    405    210 
 20240215   18:01:16      0     16     38      -      8      5      0      0      0      0    405    210 
 20240215   18:01:17      0     14     38      -     10      5      0      0      0      0    405    210 
 20240215   18:01:18      0     15     38      -      6      3      0      0      0      0    405    210 
 20240215   18:01:19      0     16     38      -      5      3      0      0      0      0    405    210 
 20240215   18:01:20      0     17     38      -     11      6      0      0      0      0    405    210 
 20240215   18:01:21      0     16     38      -      6      9      0      0      0      0    405    210 
 20240215   18:01:22      0     16     38      -      6      4      0      0      0      0    405    210 
 20240215   18:01:23      0     16     38      -      6      4      0      0      0      0    405    210 
 20240215   18:01:24      0     15     38      -      5      3      0      0      0      0    405    210 
 20240215   18:01:25      0     17     38      -      6      4      0      0      0      0    405    210 
 20240215   18:01:27      0     16     38      -      9      5      0      0      0      0    405    210 
 20240215   18:01:28      0     15     38      -      5      4      0      0      0      0    405    210 
 20240215   18:01:29      0     16     38      -      6      4      0      0      0      0    405    210 
 20240215   18:01:30      0     17     38      -     11      6      0      0      0      0    405    210 
 20240215   18:01:31      0     15     38      -      5      3      0      0      0      0    405    210 
 20240215   18:01:32      0     16     38      -      7      4      0      0      0      0    405    210 
#Date       Time        gpu    pwr  gtemp  mtemp     sm    mem    enc    dec    jpg    ofa   mclk   pclk 
#YYYYMMDD   HH:MM:SS    Idx      W      C      C      %      %      %      %      %      %    MHz    MHz 
 20240215   18:01:33      0     16     38      -      6      3      0      0      0      0    405    210 
 20240215   18:01:34      0     14     37      -      7      4      0      0      0      0    405    210 
 20240215   18:01:35      0     14     38      -      5      5      0      0      0      0    405    210 
 20240215   18:01:36      0     14     37      -      6      4      0      0      0      0    405    210 
 20240215   18:01:37      0     15     38      -      6      3      0      0      0      0    405    210 
 20240215   18:01:38      0     14     38      -      7      4      0      0      0      0    405    210 
 20240215   18:01:39      0     14     38      -      5      4      0      0      0      0    405    210 
 20240215   18:01:40      0     16     37      -      6      4      0      0      0      0    405    210 
 20240215   18:01:41      0     15     38      -     17      8      0      0      0      0    405    210 
 20240215   18:01:42      0     14     37      -      5      3      0      0      0      0    405    210 
 20240215   18:01:43      0     16     38      -      5      4      0      0      0      0    405    210 
 20240215   18:01:44      0     16     38      -      7      4      0      0      0      0    405    210 
 20240215   18:01:45      0     16     38      -     10      5      0      0      0      0    405    210 
 20240215   18:01:46      0     16     38      -     13      5      0      0      0      0    405    210 
 20240215   18:01:47      0     16     38      -     12      6      0      0      0      0    405    210 
 20240215   18:01:48      0     15     38      -     10      5      0      0      0      0    405    210 
 20240215   18:01:49      0     15     38      -     10      5      0      0      0      0    405    210 
 20240215   18:01:50      0     14     38      -      7      4      0      0      0      0    405    210 
 20240215   18:01:51      0     16     37      -     18      7      0      0      0      0    405    210 
 20240215   18:01:52      0     14     37      -      6      4      0      0      0      0    405    210 
 20240215   18:01:53      0     15     38      -     13      6      0      0      0      0    405    210 
 20240215   18:01:54      0     18     38      -     24      8      0      0      0      0    405    210 
 20240215   18:01:55      0     20     38      -     25      8      0      0      0      0    405    210 
 20240215   18:01:56      0     21     38      -     29      9      0      0      0      0    405    210 
 20240215   18:01:57      0     20     38      -     27      9      0      0      0      0    405    210 
 20240215   18:01:58      0     20     38      -     28      9      0      0      0      0    405    210 
 20240215   18:01:59      0     20     38      -     24      8      0      0      0      0    405    210 
 20240215   18:02:00      0     52     39      -      8      1      0      0      0      0   9251   1725 
 20240215   18:02:01      0     84     39      -      5      0      0      0      0      0   9251   1725 
 20240215   18:02:02      0     65     39      -     15      4      0      0      0      0    810    570 
 20240215   18:02:03      0     27     38      -     14      4      0      0      0      0    405    420 
 20240215   18:02:04      0     22     38      -     24      8      0      0      0      0    405    360 
 20240215   18:02:05      0     24     38      -     26      9      0      0      0      0    405    345 
 20240215   18:02:06      0     23     38      -     32     10      0      0      0      0    405    300 
 20240215   18:02:07      0     22     38      -     28      9      0      0      0      0    405    270 
 20240215   18:02:08      0     22     38      -     29      9      0      0      0      0    405    240 
 20240215   18:02:09      0     21     38      -     25      8      0      0      0      0    405    210 
 20240215   18:02:10      0     22     38      -     31     10      0      0      0      0    405    210 
 20240215   18:02:11      0     22     38      -     34     10      0      0      0      0    405    210 
 20240215   18:02:12      0     22     38      -     33     10      0      0      0      0    405    210 
 20240215   18:02:13      0     21     38      -     29      9      0      0      0      0    405    210 
 20240215   18:02:14      0     22     38      -     30      9      0      0      0      0    405    210 
 20240215   18:02:15      0     22     38      -     28      9      0      0      0      0    405    210 
 20240215   18:02:16      0     23     38      -     29      9      0      0      0      0    405    210 
#Date       Time        gpu    pwr  gtemp  mtemp     sm    mem    enc    dec    jpg    ofa   mclk   pclk 
#YYYYMMDD   HH:MM:SS    Idx      W      C      C      %      %      %      %      %      %    MHz    MHz 
 20240215   18:02:17      0     21     38      -     37      9      0      0      0      0    405    225 
 20240215   18:02:18      0     23     38      -     39      9      0      0      0      0    405    240 
 20240215   18:02:19      0     25     38      -     25      5      0      0      0      0    810    450 
 20240215   18:02:20      0     26     38      -     22      5      0      0      0      0    810    450 
 20240215   18:02:21      0     24     38      -     34      9      0      0      0      0    405    315 
 20240215   18:02:22      0     23     38      -     34      9      0      0      0      0    405    300 
 20240215   18:02:23      0     23     38      -     35     10      0      0      0      0    405    300 
 20240215   18:02:24      0     23     38      -     34      9      0      0      0      0    405    285 
 20240215   18:02:25      0     24     38      -     33     10      0      0      0      0    405    300 
 20240215   18:02:26      0     24     38      -     33      9      0      0      0      0    405    300 
 20240215   18:02:27      0     23     38      -     32      9      0      0      0      0    405    285 
 20240215   18:02:28      0     23     38      -     35     10      0      0      0      0    405    285 
 20240215   18:02:29      0     24     38      -     37      9      0      0      0      0    405    270 
 20240215   18:02:30      0     23     38      -     33      9      0      0      0      0    405    285 
 20240215   18:02:31      0     23     38      -     33      9      0      0      0      0    405    285 
 20240215   18:02:32      0     23     38      -     34      9      0      0      0      0    405    270 
 20240215   18:02:33      0     24     38      -     34      9      0      0      0      0    405    255 
 20240215   18:02:34      0     24     38      -     38     10      0      0      0      0    405    255 
 20240215   18:02:35      0     23     38      -     38     10      0      0      0      0    405    270 
 20240215   18:02:36      0     23     38      -     38     10      0      0      0      0    405    270 
 20240215   18:02:37      0     23     38      -     35      9      0      0      0      0    405    270 
 20240215   18:02:38      0     23     38      -     35     10      0      0      0      0    405    270 
 20240215   18:02:39      0     23     38      -     34      9      0      0      0      0    405    255 
 20240215   18:02:40      0     24     38      -     37     10      0      0      0      0    405    240 
 20240215   18:02:41      0     24     38      -     39     10      0      0      0      0    405    255 
 20240215   18:02:42      0     24     38      -     36     10      0      0      0      0    405    270 
 20240215   18:02:43      0     24     38      -     39     10      0      0      0      0    405    270 
 20240215   18:02:44      0     23     38      -     35      9      0      0      0      0    405    270 
 20240215   18:02:45      0     24     38      -     35      9      0      0      0      0    405    255 
 20240215   18:02:46      0     24     38      -     35      9      0      0      0      0    405    270 
 20240215   18:02:47      0     23     38      -     34      9      0      0      0      0    405    255 
 20240215   18:02:48      0     25     38      -     39     10      0      0      0      0    405    270 
 20240215   18:02:49      0     23     38      -     38      9      0      0      0      0    405    270 
 20240215   18:02:50      0     23     38      -     37      9      0      0      0      0    405    255 
 20240215   18:02:51      0     23     38      -     36      9      0      0      0      0    405    270 
 20240215   18:02:52      0     24     38      -     36     10      0      0      0      0    405    285 
 20240215   18:02:53      0     24     38      -     36     10      0      0      0      0    405    270 
 20240215   18:02:54      0     24     38      -     36     10      0      0      0      0    405    270 
 20240215   18:02:55      0     24     38      -     35      9      0      0      0      0    405    255 
 20240215   18:02:56      0     24     38      -     40     10      0      0      0      0    405    255 
 20240215   18:02:57      0     23     38      -     39     10      0      0      0      0    405    255 
 20240215   18:02:58      0     23     38      -     37     10      0      0      0      0    405    255 
 20240215   18:02:59      0     24     38      -     37      9      0      0      0      0    405    255 
 20240215   18:03:01      0     23     38      -     39     10      0      0      0      0    405    255 
#Date       Time        gpu    pwr  gtemp  mtemp     sm    mem    enc    dec    jpg    ofa   mclk   pclk 
#YYYYMMDD   HH:MM:SS    Idx      W      C      C      %      %      %      %      %      %    MHz    MHz 
 20240215   18:03:02      0     23     38      -     42     10      0      0      0      0    405    255 
 20240215   18:03:03      0     24     38      -     38      9      0      0      0      0    405    255 
 20240215   18:03:04      0     23     38      -     36      9      0      0      0      0    405    285 
 20240215   18:03:05      0     25     38      -     34      9      0      0      0      0    405    315 
 20240215   18:03:06      0     24     38      -     34      9      0      0      0      0    405    315 
 20240215   18:03:07      0     23     38      -     35     10      0      0      0      0    405    285 
 20240215   18:03:08      0     23     38      -     36     11      0      0      0      0    405    285 
 20240215   18:03:09      0     23     38      -     35     10      0      0      0      0    405    300 
 20240215   18:03:10      0     23     38      -     35     10      0      0      0      0    405    300 
 20240215   18:03:11      0     23     38      -     37     10      0      0      0      0    405    285 
 20240215   18:03:12      0     24     38      -     38     10      0      0      0      0    405    285 
 20240215   18:03:13      0     24     38      -     37     10      0      0      0      0    405    315 
 20240215   18:03:14      0     23     38      -     39     10      0      0      0      0    405    315 
 20240215   18:03:15      0     24     38      -     35      9      0      0      0      0    405    315 
 20240215   18:03:16      0     25     38      -     38     10      0      0      0      0    405    300 
 20240215   18:03:17      0     23     38      -     33      9      0      0      0      0    405    285 
 20240215   18:03:18      0     24     39      -     32      9      0      0      0      0    405    270 
 20240215   18:03:19      0     24     38      -     33      9      0      0      0      0    405    285 
 20240215   18:03:20      0     24     39      -     29      9      0      0      0      0    405    315 
 20240215   18:03:21      0     23     38      -     32      9      0      0      0      0    405    315 
 20240215   18:03:22      0     23     38      -     37     11      0      0      0      0    405    300 
 20240215   18:03:23      0     23     39      -     36     10      0      0      0      0    405    285 
 20240215   18:03:24      0     24     39      -     35     10      0      0      0      0    405    270 
 20240215   18:03:25      0     24     38      -     40     11      0      0      0      0    405    270 
 20240215   18:03:26      0     24     39      -     35     10      0      0      0      0    405    270 
 20240215   18:03:27      0     24     39      -     36      9      0      0      0      0    405    270 
 20240215   18:03:28      0     24     39      -     34      9      0      0      0      0    405    285 
 20240215   18:03:29      0     24     39      -     36      9      0      0      0      0    405    300 
 20240215   18:03:30      0     23     39      -     37     12      0      0      0      0    405    300 
 20240215   18:03:31      0     24     39      -     38     10      0      0      0      0    405    315 
 20240215   18:03:32      0     24     39      -     37     10      0      0      0      0    405    315 
 20240215   18:03:33      0     24     39      -     37     10      0      0      0      0    405    300 
 20240215   18:03:34      0     24     39      -     36     10      0      0      0      0    405    300 
 20240215   18:03:35      0     23     39      -     34     10      0      0      0      0    405    330 
 20240215   18:03:36      0     24     39      -     37     11      0      0      0      0    405    315 
 20240215   18:03:37      0     23     39      -     38     10      0      0      0      0    405    315 
 20240215   18:03:38      0     23     39      -     36      9      0      0      0      0    405    300 
 20240215   18:03:39      0     24     39      -     34      9      0      0      0      0    405    285 
 20240215   18:03:40      0     24     39      -     38     10      0      0      0      0    405    270 
 20240215   18:03:41      0     23     39      -     41     10      0      0      0      0    405    285 
 20240215   18:03:42      0     24     39      -     39     10      0      0      0      0    405    285 
 20240215   18:03:43      0     24     39      -     40     10      0      0      0      0    405    285 
 20240215   18:03:44      0     24     39      -     36      9      0      0      0      0    405    285 
 20240215   18:03:45      0     24     39      -     37     10      0      0      0      0    405    270 
#Date       Time        gpu    pwr  gtemp  mtemp     sm    mem    enc    dec    jpg    ofa   mclk   pclk 
#YYYYMMDD   HH:MM:SS    Idx      W      C      C      %      %      %      %      %      %    MHz    MHz 
 20240215   18:03:46      0     24     39      -     39     10      0      0      0      0    405    270 
 20240215   18:03:47      0     24     39      -     41     10      0      0      0      0    405    270 
 20240215   18:03:48      0     24     39      -     39     10      0      0      0      0    405    270 
 20240215   18:03:49      0     24     39      -     41     10      0      0      0      0    405    300 
 20240215   18:03:50      0     24     39      -     41     10      0      0      0      0    405    315 
 20240215   18:03:51      0     24     39      -     33      9      0      0      0      0    405    315 
 20240215   18:03:52      0     23     39      -     37     11      0      0      0      0    405    300 
 20240215   18:03:53      0     24     39      -     38     10      0      0      0      0    405    285 
 20240215   18:03:54      0     23     39      -     38     10      0      0      0      0    405    270 
 20240215   18:03:55      0     23     39      -     32      9      0      0      0      0    405    360 
 20240215   18:03:56      0     24     39      -     31      9      0      0      0      0    405    315 
 20240215   18:03:57      0     23     39      -     34      9      0      0      0      0    405    300 
 20240215   18:03:58      0     24     39      -     31      9      0      0      0      0    405    285 
 20240215   18:03:59      0     23     39      -     34      9      0      0      0      0    405    270 
 20240215   18:04:00      0     24     39      -     36     10      0      0      0      0    405    270 
 20240215   18:04:01      0     24     39      -     35      9      0      0      0      0    405    255 
 20240215   18:04:02      0     24     39      -     37      9      0      0      0      0    405    255 
 20240215   18:04:03      0     23     39      -     40     10      0      0      0      0    405    255 
 20240215   18:04:04      0     23     39      -     43     11      0      0      0      0    405    285 
 20240215   18:04:05      0     24     39      -     37     10      0      0      0      0    405    300 
 20240215   18:04:06      0     24     39      -     33      9      0      0      0      0    405    300 
 20240215   18:04:07      0     24     39      -     35     10      0      0      0      0    405    285 
 20240215   18:04:08      0     23     39      -     38     10      0      0      0      0    405    300 
 20240215   18:04:09      0     24     39      -     32      9      0      0      0      0    405    285 
 20240215   18:04:10      0     23     39      -     36     10      0      0      0      0    405    270 
 20240215   18:04:11      0     23     39      -     36      9      0      0      0      0    405    255 
 20240215   18:04:12      0     24     39      -     34      9      0      0      0      0    405    270 
 20240215   18:04:13      0     23     39      -     36     10      0      0      0      0    405    270 
 20240215   18:04:14      0     23     39      -     35      9      0      0      0      0    405    255 
 20240215   18:04:15      0     24     39      -     35      9      0      0      0      0    405    270 
 20240215   18:04:16      0     24     39      -     35     10      0      0      0      0    405    270 
 20240215   18:04:17      0     24     39      -     37     10      0      0      0      0    405    270 
 20240215   18:04:18      0     24     39      -     38      9      0      0      0      0    405    255 
 20240215   18:04:19      0     23     39      -     34      9      0      0      0      0    405    255 
 20240215   18:04:20      0     24     39      -     37      9      0      0      0      0    405    240 
 20240215   18:04:21      0     24     39      -     36      9      0      0      0      0    405    255 
 20240215   18:04:22      0     23     39      -     38     10      0      0      0      0    405    255 
 20240215   18:04:23      0     24     39      -     34      9      0      0      0      0    405    270 
 20240215   18:04:24      0     24     39      -     38     10      0      0      0      0    405    270 
 20240215   18:04:26      0     23     39      -     35      9      0      0      0      0    405    255 
 20240215   18:04:27      0     24     39      -     36      9      0      0      0      0    405    255 
 20240215   18:04:28      0     24     39      -     37      9      0      0      0      0    405    240 
 20240215   18:04:29      0     24     39      -     41     10      0      0      0      0    405    255 
 20240215   18:04:30      0     25     39      -     39     10      0      0      0      0    405    255 
#Date       Time        gpu    pwr  gtemp  mtemp     sm    mem    enc    dec    jpg    ofa   mclk   pclk 
#YYYYMMDD   HH:MM:SS    Idx      W      C      C      %      %      %      %      %      %    MHz    MHz 
 20240215   18:04:31      0     24     39      -     39     10      0      0      0      0    405    255 
 20240215   18:04:32      0     23     39      -     38      9      0      0      0      0    405    255 
 20240215   18:04:33      0     24     39      -     39     10      0      0      0      0    405    255 
 20240215   18:04:34      0     23     39      -     36     10      0      0      0      0    405    255 
 20240215   18:04:35      0     24     39      -     34      9      0      0      0      0    405    270 
 20240215   18:04:36      0     23     39      -     34      9      0      0      0      0    405    270 
 20240215   18:04:37      0     24     39      -     34      9      0      0      0      0    405    270 
 20240215   18:04:38      0     23     39      -     35      9      0      0      0      0    405    255 
 20240215   18:04:39      0     24     39      -     39     10      0      0      0      0    405    255 
 20240215   18:04:40      0     23     39      -     37      9      0      0      0      0    405    255 
 20240215   18:04:41      0     24     39      -     37     10      0      0      0      0    405    255 
 20240215   18:04:42      0     23     39      -     35      9      0      0      0      0    405    255 
 20240215   18:04:43      0     23     39      -     36      9      0      0      0      0    405    270 
 20240215   18:04:44      0     23     39      -     35      9      0      0      0      0    405    285 
 20240215   18:04:45      0     24     39      -     36      9      0      0      0      0    405    300 
 20240215   18:04:46      0     24     39      -     35      9      0      0      0      0    405    300 
 20240215   18:04:47      0     24     39      -     35      9      0      0      0      0    405    285 
 20240215   18:04:48      0     24     39      -     33      9      0      0      0      0    405    300 
 20240215   18:04:49      0     24     39      -     33      9      0      0      0      0    405    300 
 20240215   18:04:50      0     24     39      -     35      9      0      0      0      0    405    285 
 20240215   18:04:51      0     23     39      -     36      9      0      0      0      0    405    285 
 20240215   18:04:52      0     24     39      -     35      9      0      0      0      0    405    270 
 20240215   18:04:53      0     24     39      -     36      9      0      0      0      0    405    270 
 20240215   18:04:54      0     24     39      -     40     10      0      0      0      0    405    270 
 20240215   18:04:55      0     24     39      -     39     10      0      0      0      0    405    270 
 20240215   18:04:56      0     24     39      -     34     10      0      0      0      0    405    270 
 20240215   18:04:57      0     24     39      -     37      9      0      0      0      0    405    255 
 20240215   18:04:58      0     24     39      -     37      9      0      0      0      0    405    270 
 20240215   18:04:59      0     24     39      -     41     10      0      0      0      0    405    285 
 20240215   18:05:00      0     24     39      -     38     10      0      0      0      0    405    285 
 20240215   18:05:01      0     23     39      -     36      9      0      0      0      0    405    270 
 20240215   18:05:02      0     24     39      -     38     10      0      0      0      0    405    285 
 20240215   18:05:03      0     24     39      -     35      9      0      0      0      0    405    285 
 20240215   18:05:04      0     24     39      -     36     10      0      0      0      0    405    285 
 20240215   18:05:05      0     24     39      -     36     10      0      0      0      0    405    300 
 20240215   18:05:06      0     24     39      -     36     10      0      0      0      0    405    300 
 20240215   18:05:07      0     24     39      -     35     10      0      0      0      0    405    315 
 20240215   18:05:08      0     24     39      -     35     10      0      0      0      0    405    315 
 20240215   18:05:09      0     23     39      -     36     10      0      0      0      0    405    315 
 20240215   18:05:10      0     24     39      -     33      9      0      0      0      0    405    315 
 20240215   18:05:11      0     24     39      -     35     10      0      0      0      0    405    300 
 20240215   18:05:12      0     25     39      -     37     11      0      0      0      0    405    315 
 20240215   18:05:13      0     27     39      -     31      9      0      0      0      0    810    600 
 20240215   18:05:14      0     26     39      -     13      3      0      0      0      0    810    600 
#Date       Time        gpu    pwr  gtemp  mtemp     sm    mem    enc    dec    jpg    ofa   mclk   pclk 
#YYYYMMDD   HH:MM:SS    Idx      W      C      C      %      %      %      %      %      %    MHz    MHz 
 20240215   18:05:15      0     30     39      -     28      7      0      0      0      0    810    525 
 20240215   18:05:16      0     25     39      -      9      3      0      0      0      0    405    405 
 20240215   18:05:17      0     19     39      -     18      7      0      0      0      0    405    330 
 20240215   18:05:18      0     19     39      -     30     10      0      0      0      0    405    255 
 20240215   18:05:19      0     29     39      -     39     11      0      0      0      0    810    510 
 20240215   18:05:20      0     28     39      -     24      5      0      0      0      0    810    510 
 20240215   18:05:21      0     24     39      -     36     12      0      0      0      0    405    390 
 20240215   18:05:22      0     23     39      -     34      9      0      0      0      0    405    360 
 20240215   18:05:23      0     23     39      -     33      9      0      0      0      0    405    330 
 20240215   18:05:24      0     23     39      -     35     10      0      0      0      0    405    315 
 20240215   18:05:25      0     23     39      -     37      9      0      0      0      0    405    315 
 20240215   18:05:26      0     23     39      -     39     11      0      0      0      0    405    300 
 20240215   18:05:27      0     24     39      -     38     10      0      0      0      0    405    285 
 20240215   18:05:28      0     23     39      -     39     11      0      0      0      0    405    300 
 20240215   18:05:29      0     24     39      -     35      9      0      0      0      0    405    300 
 20240215   18:05:30      0     25     39      -     36      9      0      0      0      0    405    285 
 20240215   18:05:31      0     23     39      -     35      9      0      0      0      0    405    285 
 20240215   18:05:32      0     24     39      -     33      9      0      0      0      0    405    300 
 20240215   18:05:33      0     24     39      -     35      9      0      0      0      0    405    285 
 20240215   18:05:34      0     23     39      -     34      9      0      0      0      0    405    285 
 20240215   18:05:35      0     24     39      -     36     10      0      0      0      0    405    345 
 20240215   18:05:36      0     24     39      -     36     11      0      0      0      0    405    375 
 20240215   18:05:37      0     27     39      -     24      5      0      0      0      0    810    450 
 20240215   18:05:38      0     26     39      -     24      4      0      0      0      0    405    330 
 20240215   18:05:39      0     24     39      -     32      9      0      0      0      0    405    300 
 20240215   18:05:40      0     24     39      -     32      8      0      0      0      0    405    285 
 20240215   18:05:41      0     24     39      -     34     10      0      0      0      0    405    330 
 20240215   18:05:42      0     24     39      -     41     12      0      0      0      0    405    345 
 20240215   18:05:43      0     23     39      -     33      9      0      0      0      0    405    345 
 20240215   18:05:44      0     25     39      -     34     10      0      0      0      0    405    315 
 20240215   18:05:45      0     25     39      -     30      8      0      0      0      0    405    330 
 20240215   18:05:46      0     24     39      -     33      9      0      0      0      0    405    330 
 20240215   18:05:47      0     24     39      -     51     14      0      0      0      0    405    375 
 20240215   18:05:49      0     24     39      -     34      9      0      0      0      0    405    375 
 20240215   18:05:50      0     25     39      -     35     10      0      0      0      0    405    315 
 20240215   18:05:51      0     25     39      -     33      9      0      0      0      0    405    360 
 20240215   18:05:52      0     19     39      -      1     12      0      0      0      0    405    240 
 20240215   18:05:53      0     14     39      -      2      2      0      0      0      0    405    210 
 20240215   18:05:54      0     13     39      -      1      2      0      0      0      0    405    210 
 20240215   18:05:55      0     13     39      -      2      2      0      0      0      0    405    210 
 20240215   18:05:56      0     17     39      -     48     14      0      0      0      0    405    285 
 20240215   18:05:57      0     23     39      -     35      9      0      0      0      0    405    285 
 20240215   18:05:58      0     24     39      -     34      9      0      0      0      0    405    270 
 20240215   18:05:59      0     23     39      -     32      9      0      0      0      0    405    270 
#Date       Time        gpu    pwr  gtemp  mtemp     sm    mem    enc    dec    jpg    ofa   mclk   pclk 
#YYYYMMDD   HH:MM:SS    Idx      W      C      C      %      %      %      %      %      %    MHz    MHz 
 20240215   18:06:00      0     23     39      -     34      9      0      0      0      0    405    255 
 20240215   18:06:01      0     23     39      -     38      9      0      0      0      0    405    240 
 20240215   18:06:02      0     24     39      -     33      8      0      0      0      0    405    225 
 20240215   18:06:03      0     24     39      -     37      9      0      0      0      0    405    225 
 20240215   18:06:04      0     24     39      -     39      9      0      0      0      0    405    240 
 20240215   18:06:05      0     25     39      -     38      9      0      0      0      0    405    255 
 20240215   18:06:06      0     24     39      -     37      9      0      0      0      0    405    255 
 20240215   18:06:07      0     23     39      -     34      8      0      0      0      0    405    240 
 20240215   18:06:08      0     24     39      -     35      8      0      0      0      0    405    240 
 20240215   18:06:09      0     23     39      -     38      9      0      0      0      0    405    240 
 20240215   18:06:10      0     24     39      -     39      9      0      0      0      0    405    225 
 20240215   18:06:11      0     23     39      -     36      9      0      0      0      0    405    240 
 20240215   18:06:12      0     23     39      -     34      8      0      0      0      0    405    255 
 20240215   18:06:13      0     25     39      -     32      8      0      0      0      0    405    240 
 20240215   18:06:14      0     24     39      -     37      9      0      0      0      0    405    240 
 20240215   18:06:15      0     24     39      -     38      9      0      0      0      0    405    225 
 20240215   18:06:16      0     24     39      -     36      8      0      0      0      0    405    240 
 20240215   18:06:17      0     23     39      -     39      8      0      0      0      0    405    240 
 20240215   18:06:18      0     25     39      -     35      8      0      0      0      0    405    255 
 20240215   18:06:19      0     24     39      -     34      8      0      0      0      0    405    255 
 20240215   18:06:20      0     23     39      -     33      8      0      0      0      0    405    270 
 20240215   18:06:21      0     25     39      -     33      8      0      0      0      0    405    270 
 20240215   18:06:22      0     24     39      -     35      9      0      0      0      0    405    255 
 20240215   18:06:23      0     25     39      -     38      9      0      0      0      0    405    255 
 20240215   18:06:24      0     25     39      -     40      9      0      0      0      0    405    255 
 20240215   18:06:25      0     24     39      -     40      9      0      0      0      0    405    255 
 20240215   18:06:26      0     23     39      -     37      9      0      0      0      0    405    255 
 20240215   18:06:27      0     24     39      -     36      9      0      0      0      0    405    270 
 20240215   18:06:28      0     24     39      -     35      9      0      0      0      0    405    270 
 20240215   18:06:29      0     24     39      -     36      9      0      0      0      0    405    240 
 20240215   18:06:30      0     24     39      -     41      9      0      0      0      0    405    255 
 20240215   18:06:31      0     24     39      -     39      9      0      0      0      0    405    255 
 20240215   18:06:32      0     24     39      -     39      9      0      0      0      0    405    255 
 20240215   18:06:33      0     23     39      -     40      9      0      0      0      0    405    240 
 20240215   18:06:34      0     23     39      -     35      9      0      0      0      0    405    240 
 20240215   18:06:35      0     24     39      -     37      9      0      0      0      0    405    240 
 20240215   18:06:36      0     24     39      -     36      9      0      0      0      0    405    240 
 20240215   18:06:37      0     24     39      -     36      9      0      0      0      0    405    240 
 20240215   18:06:38      0     24     39      -     35      9      0      0      0      0    405    240 
 20240215   18:06:39      0     24     39      -     35      9      0      0      0      0    405    240 
 20240215   18:06:40      0     24     39      -     38      9      0      0      0      0    405    240 
 20240215   18:06:41      0     24     39      -     36      9      0      0      0      0    405    225 
 20240215   18:06:42      0     23     39      -     37      9      0      0      0      0    405    225 
 20240215   18:06:43      0     24     39      -     37      8      0      0      0      0    405    240 
#Date       Time        gpu    pwr  gtemp  mtemp     sm    mem    enc    dec    jpg    ofa   mclk   pclk 
#YYYYMMDD   HH:MM:SS    Idx      W      C      C      %      %      %      %      %      %    MHz    MHz 
 20240215   18:06:44      0     23     39      -     37      9      0      0      0      0    405    240 
 20240215   18:06:45      0     24     39      -     36      9      0      0      0      0    405    240 
 20240215   18:06:46      0     23     39      -     37      8      0      0      0      0    405    240 
 20240215   18:06:47      0     23     39      -     39      9      0      0      0      0    405    240 
 20240215   18:06:48      0     23     39      -     41     10      0      0      0      0    405    240 
 20240215   18:06:49      0     24     39      -     40      9      0      0      0      0    405    240 
 20240215   18:06:50      0     24     39      -     40      9      0      0      0      0    405    240 
 20240215   18:06:51      0     23     39      -     38      9      0      0      0      0    405    240 
 20240215   18:06:52      0     24     39      -     37      9      0      0      0      0    405    240 
 20240215   18:06:53      0     24     39      -     36      9      0      0      0      0    405    225 
 20240215   18:06:54      0     23     39      -     36      8      0      0      0      0    405    240 
 20240215   18:06:55      0     23     39      -     34      8      0      0      0      0    405    240 
 20240215   18:06:56      0     24     39      -     34      9      0      0      0      0    405    255 
 20240215   18:06:57      0     24     39      -     35      9      0      0      0      0    405    255 
 20240215   18:06:58      0     23     39      -     39      9      0      0      0      0    405    240 
 20240215   18:06:59      0     23     39      -     38      8      0      0      0      0    405    240 
 20240215   18:07:00      0     23     39      -     37      9      0      0      0      0    405    240 
 20240215   18:07:01      0     24     39      -     34      8      0      0      0      0    405    240 
 20240215   18:07:02      0     23     39      -     34      8      0      0      0      0    405    225 
 20240215   18:07:03      0     24     39      -     37      9      0      0      0      0    405    240 
 20240215   18:07:04      0     24     40      -     40     12      0      0      0      0    405    240 
 20240215   18:07:05      0     24     39      -     36      8      0      0      0      0    405    240 
 20240215   18:07:06      0     24     40      -     37      9      0      0      0      0    405    240 
 20240215   18:07:07      0     24     39      -     39      9      0      0      0      0    405    240 
 20240215   18:07:08      0     24     39      -     35      9      0      0      0      0    405    240 
 20240215   18:07:09      0     23     40      -     36      9      0      0      0      0    405    225 
 20240215   18:07:10      0     24     40      -     37      9      0      0      0      0    405    255 
 20240215   18:07:11      0     24     39      -     34     10      0      0      0      0    405    270 
 20240215   18:07:13      0     23     40      -     32      9      0      0      0      0    405    270 
 20240215   18:07:14      0     24     40      -     35      9      0      0      0      0    405    255 
 20240215   18:07:15      0     24     40      -     35      9      0      0      0      0    405    255 
 20240215   18:07:16      0     23     40      -     38      9      0      0      0      0    405    240 
 20240215   18:07:17      0     23     39      -     39      9      0      0      0      0    405    240 
 20240215   18:07:18      0     25     40      -     40     15      0      0      0      0    405    300 
 20240215   18:07:19      0     25     40      -     36      9      0      0      0      0    405    300 
 20240215   18:07:20      0     24     40      -     37      9      0      0      0      0    405    270 
 20240215   18:07:21      0     24     40      -     39      9      0      0      0      0    405    270 
 20240215   18:07:22      0     26     40      -     44      9      0      0      0      0    810    510 
 20240215   18:07:23      0     27     40      -     24      4      0      0      0      0    810    510 
 20240215   18:07:24      0     28     40      -     39     14      0      0      0      0    405    405 
 20240215   18:07:25      0     25     40      -     32      8      0      0      0      0    405    375 
 20240215   18:07:26      0     23     40      -     34      9      0      0      0      0    405    345 
 20240215   18:07:27      0     24     40      -     34      8      0      0      0      0    405    315 
 20240215   18:07:28      0     23     40      -     37      9      0      0      0      0    405    300 
#Date       Time        gpu    pwr  gtemp  mtemp     sm    mem    enc    dec    jpg    ofa   mclk   pclk 
#YYYYMMDD   HH:MM:SS    Idx      W      C      C      %      %      %      %      %      %    MHz    MHz 
 20240215   18:07:29      0     23     40      -     33      8      0      0      0      0    405    285 
 20240215   18:07:30      0     24     40      -     30      9      0      0      0      0    405    255 
 20240215   18:07:31      0     22     40      -     33      8      0      0      0      0    405    255 
 20240215   18:07:32      0     24     40      -     34      8      0      0      0      0    405    240 
 20240215   18:07:33      0     24     40      -     42     12      0      0      0      0    405    255 
 20240215   18:07:34      0     26     40      -     38     11      0      0      0      0    405    360 
 20240215   18:07:35      0     23     40      -     33      9      0      0      0      0    405    360 
 20240215   18:07:36      0     23     40      -     34      9      0      0      0      0    405    315 
 20240215   18:07:37      0     23     40      -     34     13      0      0      0      0    405    300 
 20240215   18:07:38      0     24     40      -     33      9      0      0      0      0    405    315 
 20240215   18:07:39      0     24     40      -     32      8      0      0      0      0    405    315 
 20240215   18:07:40      0     23     40      -     36     11      0      0      0      0    405    285 
 20240215   18:07:41      0     23     40      -     34      9      0      0      0      0    405    270 
 20240215   18:07:42      0     23     40      -     33      8      0      0      0      0    405    270 
 20240215   18:07:43      0     24     40      -     33      8      0      0      0      0    405    255 
 20240215   18:07:44      0     23     40      -     36      9      0      0      0      0    405    240 
 20240215   18:07:45      0     24     40      -     35      9      0      0      0      0    405    255 
 20240215   18:07:46      0     25     40      -     34     10      0      0      0      0    405    255 
 20240215   18:07:47      0     24     40      -     36      9      0      0      0      0    405    255 
 20240215   18:07:48      0     24     40      -     35      8      0      0      0      0    405    255 
 20240215   18:07:49      0     24     40      -     37      8      0      0      0      0    405    255 
 20240215   18:07:50      0     23     40      -     37     15      0      0      0      0    405    255 
 20240215   18:07:51      0     24     40      -     38     11      0      0      0      0    405    255 
 20240215   18:07:52      0     24     40      -     41      9      0      0      0      0    405    255 
 20240215   18:07:53      0     24     40      -     40      9      0      0      0      0    405    255 
 20240215   18:07:54      0     24     40      -     38     15      0      0      0      0    405    270 
 20240215   18:07:55      0     23     40      -     39     15      0      0      0      0    405    270 
 20240215   18:07:56      0     24     40      -     39      9      0      0      0      0    405    270 
 20240215   18:07:57      0     24     40      -     38      9      0      0      0      0    405    285 
 20240215   18:07:58      0     24     40      -     35      9      0      0      0      0    405    285 
 20240215   18:07:59      0     24     40      -     37      9      0      0      0      0    405    270 
 20240215   18:08:00      0     23     40      -     34      8      0      0      0      0    405    255 
 20240215   18:08:01      0     23     40      -     35      9      0      0      0      0    405    240 
 20240215   18:08:02      0     25     40      -     35      9      0      0      0      0    405    240 
 20240215   18:08:03      0     24     40      -     35      8      0      0      0      0    405    240 
 20240215   18:08:04      0     23     40      -     36      8      0      0      0      0    405    255 
 20240215   18:08:05      0     24     40      -     36      9      0      0      0      0    405    255 
 20240215   18:08:06      0     24     40      -     37      9      0      0      0      0    405    255 
 20240215   18:08:07      0     24     40      -     37      9      0      0      0      0    405    255 
 20240215   18:08:08      0     24     40      -     35      9      0      0      0      0    405    255 
 20240215   18:08:09      0     24     40      -     34     10      0      0      0      0    405    285 
 20240215   18:08:10      0     24     40      -     35      9      0      0      0      0    405    285 
 20240215   18:08:11      0     24     40      -     36      9      0      0      0      0    405    270 
 20240215   18:08:12      0     24     40      -     40      9      0      0      0      0    405    255 
#Date       Time        gpu    pwr  gtemp  mtemp     sm    mem    enc    dec    jpg    ofa   mclk   pclk 
#YYYYMMDD   HH:MM:SS    Idx      W      C      C      %      %      %      %      %      %    MHz    MHz 
 20240215   18:08:13      0     24     40      -     38      9      0      0      0      0    405    255 
 20240215   18:08:14      0     25     40      -     34      9      0      0      0      0    405    270 
 20240215   18:08:15      0     24     40      -     35     19      0      0      0      0    405    270 
 20240215   18:08:16      0     24     40      -     35      9      0      0      0      0    405    255 
 20240215   18:08:17      0     23     40      -     35      9      0      0      0      0    405    240 
 20240215   18:08:18      0     23     40      -     33      8      0      0      0      0    405    240 
 20240215   18:08:19      0     23     40      -     38      9      0      0      0      0    405    240 
 20240215   18:08:20      0     23     40      -     30      8      0      0      0      0    405    225 
 20240215   18:08:21      0     23     40      -     40      9      0      0      0      0    405    240 
 20240215   18:08:22      0     23     40      -     37      9      0      0      0      0    405    240 
 20240215   18:08:23      0     24     40      -     39     13      0      0      0      0    405    255 
 20240215   18:08:24      0     24     40      -     33      8      0      0      0      0    405    270 
 20240215   18:08:25      0     23     40      -     33      9      0      0      0      0    405    270 
 20240215   18:08:26      0     24     40      -     36      9      0      0      0      0    405    255 
 20240215   18:08:27      0     24     40      -     35      9      0      0      0      0    405    240 
 20240215   18:08:28      0     24     40      -     36      9      0      0      0      0    405    255 
 20240215   18:08:29      0     24     40      -     38     10      0      0      0      0    405    255 
 20240215   18:08:30      0     23     40      -     34      8      0      0      0      0    405    240 
 20240215   18:08:31      0     23     40      -     41      9      0      0      0      0    405    255 
 20240215   18:08:32      0     24     40      -     37      9      0      0      0      0    405    255 
 20240215   18:08:33      0     24     40      -     35      9      0      0      0      0    405    255 
 20240215   18:08:34      0     24     40      -     38     10      0      0      0      0    405    255 
 20240215   18:08:36      0     24     40      -     32      9      0      0      0      0    405    255 
 20240215   18:08:37      0     24     40      -     39      9      0      0      0      0    405    240 
 20240215   18:08:38      0     24     40      -     39      9      0      0      0      0    405    240 
 20240215   18:08:39      0     25     40      -     39      9      0      0      0      0    405    240 
 20240215   18:08:40      0     24     40      -     38     10      0      0      0      0    405    240 
 20240215   18:08:41      0     24     40      -     39      9      0      0      0      0    405    240 
 20240215   18:08:42      0     24     40      -     41      9      0      0      0      0    405    255 
 20240215   18:08:43      0     24     40      -     36      9      0      0      0      0    405    255 
 20240215   18:08:44      0     24     40      -     36      9      0      0      0      0    405    255 
 20240215   18:08:45      0     23     40      -     31      8      0      0      0      0    405    255 
 20240215   18:08:46      0     24     40      -     39      9      0      0      0      0    405    240 
 20240215   18:08:47      0     24     40      -     37      9      0      0      0      0    405    240 
 20240215   18:08:48      0     24     40      -     36      9      0      0      0      0    405    225 
 20240215   18:08:49      0     25     40      -     35      9      0      0      0      0    405    255 
 20240215   18:08:50      0     23     40      -     39     17      0      0      0      0    405    240 
 20240215   18:08:51      0     24     40      -     36      8      0      0      0      0    405    240 
 20240215   18:08:52      0     24     40      -     36      8      0      0      0      0    405    225 
 20240215   18:08:53      0     24     40      -     38      9      0      0      0      0    405    240 
 20240215   18:08:54      0     24     40      -     36      8      0      0      0      0    405    225 
 20240215   18:08:55      0     24     40      -     37      9      0      0      0      0    405    240 
 20240215   18:08:56      0     25     40      -     35      9      0      0      0      0    405    240 
 20240215   18:08:57      0     25     40      -     38      9      0      0      0      0    405    240 
#Date       Time        gpu    pwr  gtemp  mtemp     sm    mem    enc    dec    jpg    ofa   mclk   pclk 
#YYYYMMDD   HH:MM:SS    Idx      W      C      C      %      %      %      %      %      %    MHz    MHz 
 20240215   18:08:58      0     25     40      -     35      8      0      0      0      0    405    240 
 20240215   18:08:59      0     24     40      -     34      8      0      0      0      0    405    240 
 20240215   18:09:00      0     24     40      -     34      8      0      0      0      0    405    255 
 20240215   18:09:01      0     23     40      -     34      8      0      0      0      0    405    240 
 20240215   18:09:02      0     24     40      -     37      9      0      0      0      0    405    240 
 20240215   18:09:03      0     24     40      -     34      8      0      0      0      0    405    240 
 20240215   18:09:04      0     23     40      -     37      8      0      0      0      0    405    240 
 20240215   18:09:05      0     23     40      -     36      9      0      0      0      0    405    240 
 20240215   18:09:06      0     23     40      -     34      8      0      0      0      0    405    255 
 20240215   18:09:07      0     23     40      -     37      8      0      0      0      0    405    240 
 20240215   18:09:08      0     24     40      -     35      8      0      0      0      0    405    240 
 20240215   18:09:09      0     23     40      -     37      9      0      0      0      0    405    240 
 20240215   18:09:10      0     24     40      -     35      8      0      0      0      0    405    240 
 20240215   18:09:11      0     23     40      -     36      8      0      0      0      0    405    240 
 20240215   18:09:12      0     24     40      -     38      9      0      0      0      0    405    225 
 20240215   18:09:13      0     24     40      -     36      8      0      0      0      0    405    225 
 20240215   18:09:14      0     24     40      -     39      9      0      0      0      0    405    240 
 20240215   18:09:15      0     24     40      -     36      9      0      0      0      0    405    255 
 20240215   18:09:16      0     24     40      -     35      9      0      0      0      0    405    255 
 20240215   18:09:17      0     24     40      -     40     10      0      0      0      0    405    255 
 20240215   18:09:18      0     23     40      -     42      9      0      0      0      0    405    270 
 20240215   18:09:19      0     24     40      -     37      9      0      0      0      0    405    270 
 20240215   18:09:20      0     24     40      -     37      9      0      0      0      0    405    270 
 20240215   18:09:21      0     23     40      -     35     11      0      0      0      0    405    255 
 20240215   18:09:22      0     24     40      -     35      9      0      0      0      0    405    255 
 20240215   18:09:23      0     23     40      -     34      8      0      0      0      0    405    240 
 20240215   18:09:24      0     23     40      -     37      9      0      0      0      0    405    240 
 20240215   18:09:25      0     23     40      -     35      8      0      0      0      0    405    240 
 20240215   18:09:26      0     23     40      -     35      8      0      0      0      0    405    225 
 20240215   18:09:27      0     23     40      -     36      9      0      0      0      0    405    240 
 20240215   18:09:28      0     23     40      -     39      9      0      0      0      0    405    240 
 20240215   18:09:29      0     24     40      -     40      9      0      0      0      0    405    240 
 20240215   18:09:30      0     24     40      -     36      8      0      0      0      0    405    240 
 20240215   18:09:31      0     24     40      -     36      9      0      0      0      0    405    255 
 20240215   18:09:32      0     24     40      -     35      9      0      0      0      0    405    255 
 20240215   18:09:33      0     24     40      -     36      9      0      0      0      0    405    255 
 20240215   18:09:34      0     24     40      -     39      9      0      0      0      0    405    255 
 20240215   18:09:35      0     24     40      -     36      9      0      0      0      0    405    240 
 20240215   18:09:36      0     24     40      -     38      9      0      0      0      0    405    240 
 20240215   18:09:37      0     24     40      -     36      9      0      0      0      0    405    240 
 20240215   18:09:38      0     24     40      -     40     10      0      0      0      0    405    240 
 20240215   18:09:39      0     23     40      -     37      9      0      0      0      0    405    240 
 20240215   18:09:40      0     24     40      -     36      9      0      0      0      0    405    225 
 20240215   18:09:41      0     24     40      -     36      9      0      0      0      0    405    240 
#Date       Time        gpu    pwr  gtemp  mtemp     sm    mem    enc    dec    jpg    ofa   mclk   pclk 
#YYYYMMDD   HH:MM:SS    Idx      W      C      C      %      %      %      %      %      %    MHz    MHz 
 20240215   18:09:42      0     24     40      -     37      9      0      0      0      0    405    240 
 20240215   18:09:43      0     24     40      -     37      9      0      0      0      0    405    240 
 20240215   18:09:44      0     23     40      -     37      9      0      0      0      0    405    240 
 20240215   18:09:45      0     24     40      -     34      8      0      0      0      0    405    255 
 20240215   18:09:46      0     24     40      -     34      9      0      0      0      0    405    255 
 20240215   18:09:47      0     23     40      -     34      9      0      0      0      0    405    240 
 20240215   18:09:48      0     24     40      -     37      9      0      0      0      0    405    255 
 20240215   18:09:49      0     23     40      -     38      9      0      0      0      0    405    255 
 20240215   18:09:50      0     24     40      -     35      9      0      0      0      0    405    270 
 20240215   18:09:51      0     24     40      -     35      9      0      0      0      0    405    270 
 20240215   18:09:52      0     25     40      -     36      9      0      0      0      0    405    255 
 20240215   18:09:53      0     24     40      -     39      9      0      0      0      0    405    255 
 20240215   18:09:54      0     23     40      -     37      9      0      0      0      0    405    270 
 20240215   18:09:55      0     25     40      -     40     10      0      0      0      0    405    270 
 20240215   18:09:56      0     24     40      -     40      9      0      0      0      0    405    270 
 20240215   18:09:57      0     23     40      -     38      9      0      0      0      0    405    270 
 20240215   18:09:58      0     23     40      -     37      9      0      0      0      0    405    255 
 20240215   18:09:59      0     24     40      -     34      8      0      0      0      0    405    255 
 20240215   18:10:00      0     24     40      -     36      9      0      0      0      0    405    270 
 20240215   18:10:01      0     25     40      -     34      8      0      0      0      0    405    270 
 20240215   18:10:02      0     24     40      -     35      9      0      0      0      0    405    270 
 20240215   18:10:03      0     23     40      -     35      8      0      0      0      0    405    255 
 20240215   18:10:04      0     23     40      -     35      8      0      0      0      0    405    270 
 20240215   18:10:06      0     24     40      -     34     10      0      0      0      0    405    285 
 20240215   18:10:07      0     24     40      -     38     11      0      0      0      0    405    285 
 20240215   18:10:08      0     22     40      -     23      8      0      0      0      0    405    225 
 20240215   18:10:09      0     21     40      -     24     18      0      0      0      0    405    210 
 20240215   18:10:10      0     21     40      -     27      8      0      0      0      0    405    210 
 20240215   18:10:11      0     23     40      -     34     10      0      0      0      0    405    210 
 20240215   18:10:12      0     22     40      -     34      9      0      0      0      0    405    210 
 20240215   18:10:13      0     23     40      -     32     13      0      0      0      0    405    210 
 20240215   18:10:14      0     22     40      -     31      9      0      0      0      0    405    210 
 20240215   18:10:15      0     23     40      -     33      9      0      0      0      0    405    210 
 20240215   18:10:16      0     23     40      -     28      8      0      0      0      0    405    210 
 20240215   18:10:17      0     23     40      -     36     10      0      0      0      0    405    225 
 20240215   18:10:18      0     22     40      -     26      8      0      0      0      0    405    210 
 20240215   18:10:19      0     22     40      -     28     12      0      0      0      0    405    210 
 20240215   18:10:20      0     22     40      -     32      9      0      0      0      0    405    210 
 20240215   18:10:21      0     22     40      -     27      9      0      0      0      0    405    210 
 20240215   18:10:22      0     23     40      -     28      8      0      0      0      0    405    210 
 20240215   18:10:23      0     22     40      -     24      8      0      0      0      0    405    210 
 20240215   18:10:24      0     23     40      -     29      9      0      0      0      0    405    255 
 20240215   18:10:25      0     23     40      -     30      9      0      0      0      0    405    210 
 20240215   18:10:26      0     23     40      -     36     12      0      0      0      0    405    225 
#Date       Time        gpu    pwr  gtemp  mtemp     sm    mem    enc    dec    jpg    ofa   mclk   pclk 
#YYYYMMDD   HH:MM:SS    Idx      W      C      C      %      %      %      %      %      %    MHz    MHz 
 20240215   18:10:27      0     24     40      -     30      9      0      0      0      0    405    255 
 20240215   18:10:28      0     22     40      -     31      9      0      0      0      0    405    255 
 20240215   18:10:29      0     23     40      -     26      8      0      0      0      0    405    210 
 20240215   18:10:30      0     23     40      -     29      9      0      0      0      0    405    210 
 20240215   18:10:31      0     24     40      -     35     12      0      0      0      0    405    210 
 20240215   18:10:32      0     17     40      -      2      4      0      0      0      0    405    210 
 20240215   18:10:33      0     15     40      -      3      8      0      0      0      0    405    210 
 20240215   18:10:34      0     22     40      -     32      9      0      0      0      0    405    210 
 20240215   18:10:35      0     23     40      -     31     10      0      0      0      0    405    210 
 20240215   18:10:36      0     23     40      -     28     10      0      0      0      0    405    210 
 20240215   18:10:37      0     23     40      -     39     12      0      0      0      0    405    240 
 20240215   18:10:38      0     23     40      -     24      8      0      0      0      0    405    210 
 20240215   18:10:39      0     23     40      -     11      6      0      0      0      0    405    240 
 20240215   18:10:40      0     17     40      -      6     42      0      0      0      0    405    240 
 20240215   18:10:41      0     16     40      -      7     31      0      0      0      0    405    210 
 20240215   18:10:42      0     16     40      -     10      7      0      0      0      0    405    210 
 20240215   18:10:43      0     16     40      -      6      6      0      0      0      0    405    210 
 20240215   18:10:44      0     15     40      -      6      8      0      0      0      0    405    210 
 20240215   18:10:45      0     15     40      -     10     15      0      0      0      0    405    210 
 20240215   18:10:46      0     15     40      -      7      8      0      0      0      0    405    210 
 20240215   18:10:47      0     15     40      -      5     16      0      0      0      0    405    210 
 20240215   18:10:48      0     15     40      -      6      4      0      0      0      0    405    210 
 20240215   18:10:49      0     16     40      -      7     20      0      0      0      0    405    210 
 20240215   18:10:50      0     15     40      -      6      5      0      0      0      0    405    210 
 20240215   18:10:51      0     15     40      -      6      6      0      0      0      0    405    210 
 20240215   18:10:52      0     16     40      -      7     12      0      0      0      0    405    210 
 20240215   18:10:53      0     15     40      -      6     21      0      0      0      0    405    210 
 20240215   18:10:54      0     15     40      -      6     17      0      0      0      0    405    210 
