#Date       Time        gpu    pwr  gtemp  mtemp     sm    mem    enc    dec    jpg    ofa   mclk   pclk 
#YYYYMMDD   HH:MM:SS    Idx      W      C      C      %      %      %      %      %      %    MHz    MHz 
 20240215   17:31:26      0     15     38      -      6      3      0      0      0      0    405    210 
 20240215   17:31:27      0     15     38      -      8      4      0      0      0      0    405    210 
 20240215   17:31:28      0     17     38      -      9      5      0      0      0      0    405    210 
 20240215   17:31:29      0     16     38      -      8      5      0      0      0      0    405    210 
 20240215   17:31:30      0     17     38      -      5      3      0      0      0      0    405    210 
 20240215   17:31:31      0     16     38      -      7      4      0      0      0      0    405    210 
 20240215   17:31:32      0     17     38      -      6      4      0      0      0      0    405    210 
 20240215   17:31:33      0     17     38      -     10      5      0      0      0      0    405    210 
 20240215   17:31:34      0     15     38      -      6      9      0      0      0      0    405    210 
 20240215   17:31:35      0     15     38      -      8      4      0      0      0      0    405    210 
 20240215   17:31:37      0     15     38      -      5      3      0      0      0      0    405    210 
 20240215   17:31:38      0     16     38      -      5      3      0      0      0      0    405    210 
 20240215   17:31:39      0     16     38      -      9      5      0      0      0      0    405    210 
 20240215   17:31:40      0     17     38      -     15      7      0      0      0      0    405    210 
 20240215   17:31:41      0     17     38      -     11      6      0      0      0      0    405    210 
 20240215   17:31:42      0     15     38      -      7      4      0      0      0      0    405    210 
 20240215   17:31:43      0     16     38      -      9      5      0      0      0      0    405    210 
 20240215   17:31:44      0     15     38      -     10      5      0      0      0      0    405    210 
 20240215   17:31:45      0     15     38      -     14      6      0      0      0      0    405    210 
 20240215   17:31:46      0     19     38      -     24      8      0      0      0      0    405    210 
 20240215   17:31:47      0     19     38      -     23      8      0      0      0      0    405    210 
 20240215   17:31:48      0     19     38      -     23      8      0      0      0      0    405    210 
 20240215   17:31:49      0     20     38      -     24      8      0      0      0      0    405    210 
 20240215   17:31:50      0     20     38      -     25      8      0      0      0      0    405    210 
 20240215   17:31:51      0     19     38      -     24      9      0      0      0      0    405    210 
 20240215   17:31:52      0     19     38      -     23      8      0      0      0      0    405    210 
 20240215   17:31:53      0     19     38      -     22      7      0      0      0      0    405    210 
 20240215   17:31:54      0     19     38      -     22      8      0      0      0      0    405    210 
 20240215   17:31:55      0     18     38      -     25      7      0      0      0      0    405    210 
 20240215   17:31:56      0     20     38      -     23      9      0      0      0      0    405    210 
 20240215   17:31:57      0     20     38      -     22      8      0      0      0      0    405    210 
 20240215   17:31:58      0     19     38      -     22      6      0      0      0      0    405    210 
 20240215   17:31:59      0     52     39      -     14      1      0      0      0      0   9251   1725 
 20240215   17:32:00      0     84     40      -      6      0      0      0      0      0   9251   1725 
 20240215   17:32:01      0     64     39      -     14      5      0      0      0      0    810    585 
 20240215   17:32:02      0     29     38      -     16      5      0      0      0      0    810    450 
 20240215   17:32:03      0     23     38      -     25     13      0      0      0      0    405    375 
 20240215   17:32:04      0     23     38      -     27     10      0      0      0      0    405    330 
 20240215   17:32:05      0     22     38      -     28     10      0      0      0      0    405    285 
 20240215   17:32:06      0     23     38      -     30     10      0      0      0      0    405    270 
 20240215   17:32:07      0     23     38      -     30     10      0      0      0      0    405    240 
 20240215   17:32:08      0     22     38      -     34     10      0      0      0      0    405    240 
 20240215   17:32:09      0     23     38      -     39     15      0      0      0      0    405    240 
 20240215   17:32:10      0     24     38      -     37     12      0      0      0      0    405    225 
#Date       Time        gpu    pwr  gtemp  mtemp     sm    mem    enc    dec    jpg    ofa   mclk   pclk 
#YYYYMMDD   HH:MM:SS    Idx      W      C      C      %      %      %      %      %      %    MHz    MHz 
 20240215   17:32:11      0     23     38      -     37     12      0      0      0      0    405    225 
 20240215   17:32:12      0     23     38      -     33     11      0      0      0      0    405    225 
 20240215   17:32:13      0     23     38      -     30      9      0      0      0      0    405    210 
 20240215   17:32:14      0     23     38      -     33     12      0      0      0      0    405    210 
 20240215   17:32:15      0     39     39      -     10      2      0      0      0      0   9251   1725 
 20240215   17:32:16      0     84     40      -      7      0      0      0      0      0   9251   1725 
 20240215   17:32:17      0     61     39      -     15      5      0      0      0      0    810    600 
 20240215   17:32:18      0     28     39      -     20      5      0      0      0      0    810    465 
 20240215   17:32:19      0     27     39      -     50     16      0      0      0      0    810    495 
 20240215   17:32:20      0     24     39      -     21      5      0      0      0      0    810    495 
 20240215   17:32:21      0     28     39      -     31      9      0      0      0      0    810    435 
 20240215   17:32:22      0     22     39      -     21      8      0      0      0      0    405    345 
 20240215   17:32:23      0     19     39      -     18      6      0      0      0      0    405    285 
 20240215   17:32:24      0     17     38      -     16      6      0      0      0      0    405    225 
 20240215   17:32:25      0     24     39      -     47     20      0      0      0      0    810    480 
 20240215   17:32:26      0     30     39      -     28      7      0      0      0      0    810    480 
 20240215   17:32:27      0     29     39      -     15      4      0      0      0      0    810    840 
 20240215   17:32:28      0     29     39      -     44     13      0      0      0      0    810    915 
 20240215   17:32:29      0     29     39      -     26     11      0      0      0      0    810    915 
 20240215   17:32:30      0     29     39      -     20      5      0      0      0      0    810    585 
 20240215   17:32:31      0     26     39      -     21      5      0      0      0      0    810    465 
 20240215   17:32:32      0     25     39      -     26     10      0      0      0      0    405    390 
 20240215   17:32:33      0     23     39      -     25      8      0      0      0      0    405    330 
 20240215   17:32:34      0     23     39      -     28      9      0      0      0      0    405    300 
 20240215   17:32:35      0     23     39      -     37     19      0      0      0      0    405    270 
 20240215   17:32:36      0     22     39      -     35      9      0      0      0      0    405    240 
 20240215   17:32:37      0     23     39      -     30      9      0      0      0      0    405    225 
 20240215   17:32:38      0     24     39      -     34     11      0      0      0      0    405    210 
 20240215   17:32:39      0     23     39      -     29      9      0      0      0      0    405    225 
 20240215   17:32:40      0     23     39      -     33     17      0      0      0      0    405    210 
 20240215   17:32:41      0     23     39      -     31     10      0      0      0      0    405    210 
 20240215   17:32:42      0     23     39      -     30     10      0      0      0      0    405    210 
 20240215   17:32:43      0     23     39      -     32     16      0      0      0      0    405    225 
 20240215   17:32:44      0     24     39      -     38     12      0      0      0      0    405    225 
 20240215   17:32:45      0     23     39      -     31      9      0      0      0      0    405    210 
 20240215   17:32:46      0     24     39      -     43     13      0      0      0      0    405    255 
 20240215   17:32:47      0     23     39      -     33     30      0      0      0      0    405    255 
 20240215   17:32:48      0     24     39      -     32      9      0      0      0      0    405    225 
 20240215   17:32:49      0     24     39      -     31     11      0      0      0      0    405    210 
 20240215   17:32:50      0     23     39      -     31      9      0      0      0      0    405    225 
 20240215   17:32:51      0     24     39      -     46     12      0      0      0      0    405    270 
 20240215   17:32:52      0     25     39      -     37     11      0      0      0      0    405    345 
 20240215   17:32:53      0     24     39      -     39     13      0      0      0      0    405    345 
 20240215   17:32:54      0     25     39      -     37     12      0      0      0      0    405    405 
#Date       Time        gpu    pwr  gtemp  mtemp     sm    mem    enc    dec    jpg    ofa   mclk   pclk 
#YYYYMMDD   HH:MM:SS    Idx      W      C      C      %      %      %      %      %      %    MHz    MHz 
 20240215   17:32:55      0     28     39      -     25      5      0      0      0      0    810    645 
 20240215   17:32:56      0     26     39      -     24      5      0      0      0      0    810    645 
 20240215   17:32:57      0     28     39      -     27      6      0      0      0      0    405    420 
 20240215   17:32:58      0     27     39      -     30      5      0      0      0      0    810    435 
 20240215   17:32:59      0     26     39      -     29      6      0      0      0      0    810    435 
 20240215   17:33:00      0     25     39      -     38     13      0      0      0      0    405    360 
 20240215   17:33:01      0     24     39      -     36     12      0      0      0      0    405    360 
 20240215   17:33:02      0     24     39      -     37     11      0      0      0      0    405    345 
 20240215   17:33:03      0     25     39      -     36     11      0      0      0      0    405    330 
 20240215   17:33:04      0     24     39      -     38     11      0      0      0      0    405    345 
 20240215   17:33:05      0     23     39      -     36     11      0      0      0      0    405    345 
 20240215   17:33:06      0     24     39      -     39     11      0      0      0      0    405    330 
 20240215   17:33:07      0     24     39      -     37     11      0      0      0      0    405    330 
 20240215   17:33:08      0     24     39      -     38     11      0      0      0      0    405    315 
 20240215   17:33:09      0     24     39      -     37     11      0      0      0      0    405    330 
 20240215   17:33:11      0     24     39      -     38     11      0      0      0      0    405    330 
 20240215   17:33:12      0     24     39      -     33     10      0      0      0      0    405    330 
 20240215   17:33:13      0     25     39      -     41     12      0      0      0      0    405    330 
 20240215   17:33:14      0     25     39      -     33     11      0      0      0      0    405    360 
 20240215   17:33:15      0     26     39      -     38     13      0      0      0      0    405    390 
 20240215   17:33:16      0     29     39      -     30      7      0      0      0      0    810    435 
 20240215   17:33:17      0     27     39      -     33      6      0      0      0      0    405    390 
 20240215   17:33:18      0     25     39      -     27      6      0      0      0      0    810    480 
 20240215   17:33:19      0     27     39      -     25      5      0      0      0      0    810    480 
 20240215   17:33:20      0     24     39      -     39     17      0      0      0      0    405    360 
 20240215   17:33:21      0     24     39      -     34     11      0      0      0      0    405    360 
 20240215   17:33:22      0     23     39      -     32      9      0      0      0      0    405    345 
 20240215   17:33:23      0     24     39      -     40     12      0      0      0      0    405    345 
 20240215   17:33:24      0     23     39      -     37     11      0      0      0      0    405    345 
 20240215   17:33:25      0     24     39      -     34     10      0      0      0      0    405    330 
 20240215   17:33:26      0     24     39      -     40     12      0      0      0      0    405    345 
 20240215   17:33:27      0     24     39      -     35     11      0      0      0      0    405    360 
 20240215   17:33:28      0     24     39      -     33     11      0      0      0      0    405    360 
 20240215   17:33:29      0     24     39      -     37     11      0      0      0      0    405    345 
 20240215   17:33:30      0     24     39      -     40     12      0      0      0      0    405    330 
 20240215   17:33:31      0     25     39      -     36     11      0      0      0      0    405    345 
 20240215   17:33:32      0     24     39      -     34     10      0      0      0      0    405    375 
 20240215   17:33:33      0     24     39      -     39     11      0      0      0      0    405    375 
 20240215   17:33:34      0     24     39      -     30     10      0      0      0      0    405    390 
 20240215   17:33:35      0     24     39      -     34     11      0      0      0      0    405    375 
 20240215   17:33:36      0     24     39      -     36     11      0      0      0      0    405    360 
 20240215   17:33:37      0     24     39      -     37     11      0      0      0      0    405    360 
 20240215   17:33:38      0     24     39      -     35     10      0      0      0      0    405    360 
 20240215   17:33:39      0     23     39      -     37     11      0      0      0      0    405    360 
#Date       Time        gpu    pwr  gtemp  mtemp     sm    mem    enc    dec    jpg    ofa   mclk   pclk 
#YYYYMMDD   HH:MM:SS    Idx      W      C      C      %      %      %      %      %      %    MHz    MHz 
 20240215   17:33:40      0     24     39      -     37     11      0      0      0      0    405    345 
 20240215   17:33:41      0     23     39      -     36     12      0      0      0      0    405    330 
 20240215   17:33:42      0     23     39      -     34     10      0      0      0      0    405    315 
 20240215   17:33:43      0     24     39      -     41     12      0      0      0      0    405    330 
 20240215   17:33:44      0     24     39      -     39     11      0      0      0      0    405    330 
 20240215   17:33:45      0     24     39      -     35     11      0      0      0      0    405    345 
 20240215   17:33:46      0     25     39      -     36     11      0      0      0      0    405    345 
 20240215   17:33:47      0     24     39      -     38     14      0      0      0      0    405    345 
 20240215   17:33:48      0     24     39      -     33     10      0      0      0      0    405    345 
 20240215   17:33:49      0     24     39      -     35     11      0      0      0      0    405    360 
 20240215   17:33:50      0     24     39      -     41     12      0      0      0      0    405    375 
 20240215   17:33:51      0     25     39      -     36     11      0      0      0      0    405    375 
 20240215   17:33:52      0     24     39      -     36     12      0      0      0      0    405    360 
 20240215   17:33:53      0     24     39      -     35     14      0      0      0      0    405    360 
 20240215   17:33:54      0     24     39      -     39     12      0      0      0      0    405    390 
 20240215   17:33:55      0     23     39      -     34     10      0      0      0      0    405    360 
 20240215   17:33:56      0     23     39      -     34     15      0      0      0      0    405    345 
 20240215   17:33:57      0     24     39      -     39     11      0      0      0      0    405    330 
 20240215   17:33:58      0     25     39      -     38     11      0      0      0      0    405    330 
 20240215   17:33:59      0     24     39      -     36     11      0      0      0      0    405    315 
 20240215   17:34:00      0     24     39      -     39     12      0      0      0      0    405    330 
 20240215   17:34:01      0     24     39      -     35     10      0      0      0      0    405    330 
 20240215   17:34:02      0     24     39      -     36     10      0      0      0      0    405    345 
 20240215   17:34:03      0     24     39      -     34     10      0      0      0      0    405    345 
 20240215   17:34:04      0     24     39      -     41     11      0      0      0      0    405    345 
 20240215   17:34:05      0     24     39      -     37     11      0      0      0      0    405    345 
 20240215   17:34:06      0     24     39      -     39     11      0      0      0      0    405    345 
 20240215   17:34:07      0     25     39      -     39     11      0      0      0      0    405    330 
 20240215   17:34:08      0     24     39      -     39     11      0      0      0      0    405    330 
 20240215   17:34:09      0     24     39      -     39     11      0      0      0      0    405    330 
 20240215   17:34:10      0     24     39      -     40     11      0      0      0      0    405    315 
 20240215   17:34:11      0     24     39      -     39     12      0      0      0      0    405    315 
 20240215   17:34:12      0     23     39      -     36     10      0      0      0      0    405    300 
 20240215   17:34:13      0     24     39      -     39     11      0      0      0      0    405    300 
 20240215   17:34:14      0     24     39      -     38     11      0      0      0      0    405    315 
 20240215   17:34:15      0     23     39      -     38     11      0      0      0      0    405    315 
 20240215   17:34:16      0     24     39      -     39     11      0      0      0      0    405    300 
 20240215   17:34:17      0     24     39      -     39     11      0      0      0      0    405    300 
 20240215   17:34:18      0     24     39      -     37     11      0      0      0      0    405    315 
 20240215   17:34:19      0     24     39      -     37     11      0      0      0      0    405    330 
 20240215   17:34:20      0     24     39      -     37     11      0      0      0      0    405    345 
 20240215   17:34:21      0     24     39      -     36     20      0      0      0      0    405    360 
 20240215   17:34:22      0     23     39      -     39     18      0      0      0      0    405    360 
 20240215   17:34:23      0     24     39      -     37     14      0      0      0      0    405    360 
#Date       Time        gpu    pwr  gtemp  mtemp     sm    mem    enc    dec    jpg    ofa   mclk   pclk 
#YYYYMMDD   HH:MM:SS    Idx      W      C      C      %      %      %      %      %      %    MHz    MHz 
 20240215   17:34:24      0     24     39      -     37     15      0      0      0      0    405    375 
 20240215   17:34:25      0     23     39      -     35     13      0      0      0      0    405    375 
 20240215   17:34:26      0     23     39      -     37     11      0      0      0      0    405    345 
 20240215   17:34:27      0     23     39      -     35     11      0      0      0      0    405    360 
 20240215   17:34:28      0     23     39      -     37     11      0      0      0      0    405    360 
 20240215   17:34:29      0     23     39      -     36     10      0      0      0      0    405    330 
 20240215   17:34:30      0     23     39      -     35     10      0      0      0      0    405    315 
 20240215   17:34:31      0     24     39      -     36     13      0      0      0      0    405    330 
 20240215   17:34:32      0     24     39      -     37     11      0      0      0      0    405    315 
 20240215   17:34:33      0     24     39      -     37     11      0      0      0      0    405    345 
 20240215   17:34:34      0     24     39      -     39     13      0      0      0      0    405    345 
 20240215   17:34:36      0     24     39      -     37     12      0      0      0      0    405    345 
 20240215   17:34:37      0     24     39      -     39     14      0      0      0      0    405    345 
 20240215   17:34:38      0     24     39      -     39     12      0      0      0      0    405    330 
 20240215   17:34:39      0     24     39      -     35     11      0      0      0      0    405    330 
 20240215   17:34:40      0     23     39      -     34     14      0      0      0      0    405    315 
 20240215   17:34:41      0     24     39      -     38     13      0      0      0      0    405    315 
 20240215   17:34:42      0     24     39      -     37     14      0      0      0      0    405    330 
 20240215   17:34:43      0     24     39      -     38     11      0      0      0      0    405    345 
 20240215   17:34:44      0     24     39      -     39     12      0      0      0      0    405    345 
 20240215   17:34:45      0     23     39      -     33     10      0      0      0      0    405    330 
 20240215   17:34:46      0     23     39      -     39     11      0      0      0      0    405    330 
 20240215   17:34:47      0     24     39      -     35     11      0      0      0      0    405    345 
 20240215   17:34:48      0     23     39      -     36     11      0      0      0      0    405    345 
 20240215   17:34:49      0     24     39      -     38     11      0      0      0      0    405    330 
 20240215   17:34:50      0     24     39      -     40     14      0      0      0      0    405    315 
 20240215   17:34:51      0     23     39      -     37     11      0      0      0      0    405    315 
 20240215   17:34:52      0     24     39      -     38     13      0      0      0      0    405    315 
 20240215   17:34:53      0     24     39      -     39     11      0      0      0      0    405    330 
 20240215   17:34:54      0     24     39      -     39     11      0      0      0      0    405    345 
 20240215   17:34:55      0     23     39      -     37     12      0      0      0      0    405    345 
 20240215   17:34:56      0     23     39      -     36     10      0      0      0      0    405    360 
 20240215   17:34:57      0     25     39      -     35     11      0      0      0      0    405    360 
 20240215   17:34:58      0     24     39      -     33     10      0      0      0      0    405    345 
 20240215   17:34:59      0     24     40      -     36     11      0      0      0      0    405    330 
 20240215   17:35:00      0     25     39      -     40     11      0      0      0      0    405    345 
 20240215   17:35:01      0     24     39      -     38     11      0      0      0      0    405    345 
 20240215   17:35:02      0     24     39      -     32     10      0      0      0      0    405    345 
 20240215   17:35:03      0     24     39      -     36     10      0      0      0      0    405    330 
 20240215   17:35:04      0     25     39      -     41     12      0      0      0      0    405    330 
 20240215   17:35:05      0     24     39      -     35     10      0      0      0      0    405    330 
 20240215   17:35:06      0     24     40      -     34     11      0      0      0      0    405    345 
 20240215   17:35:07      0     24     40      -     37     11      0      0      0      0    405    345 
 20240215   17:35:08      0     24     40      -     40     11      0      0      0      0    405    345 
#Date       Time        gpu    pwr  gtemp  mtemp     sm    mem    enc    dec    jpg    ofa   mclk   pclk 
#YYYYMMDD   HH:MM:SS    Idx      W      C      C      %      %      %      %      %      %    MHz    MHz 
 20240215   17:35:09      0     24     40      -     31     10      0      0      0      0    405    360 
 20240215   17:35:10      0     24     40      -     37     11      0      0      0      0    405    360 
 20240215   17:35:11      0     24     40      -     38     11      0      0      0      0    405    345 
 20240215   17:35:12      0     24     40      -     39     11      0      0      0      0    405    330 
 20240215   17:35:13      0     25     40      -     37     11      0      0      0      0    405    345 
 20240215   17:35:14      0     23     40      -     39     11      0      0      0      0    405    345 
 20240215   17:35:15      0     24     40      -     41     12      0      0      0      0    405    345 
 20240215   17:35:16      0     25     40      -     35     11      0      0      0      0    405    345 
 20240215   17:35:17      0     24     40      -     35     11      0      0      0      0    405    360 
 20240215   17:35:18      0     24     40      -     38     11      0      0      0      0    405    360 
 20240215   17:35:19      0     24     40      -     38     11      0      0      0      0    405    345 
 20240215   17:35:20      0     25     40      -     38     11      0      0      0      0    405    345 
 20240215   17:35:21      0     25     40      -     39     11      0      0      0      0    405    330 
 20240215   17:35:22      0     25     40      -     37     11      0      0      0      0    405    330 
 20240215   17:35:23      0     24     40      -     37     10      0      0      0      0    405    330 
 20240215   17:35:24      0     24     40      -     36     10      0      0      0      0    405    315 
 20240215   17:35:25      0     24     40      -     38     10      0      0      0      0    405    345 
 20240215   17:35:26      0     24     40      -     36     11      0      0      0      0    405    330 
 20240215   17:35:27      0     24     40      -     41     12      0      0      0      0    405    345 
 20240215   17:35:28      0     25     40      -     38     11      0      0      0      0    405    345 
 20240215   17:35:29      0     24     40      -     39     11      0      0      0      0    405    330 
 20240215   17:35:30      0     25     40      -     38     11      0      0      0      0    405    330 
 20240215   17:35:31      0     25     40      -     36     11      0      0      0      0    405    315 
 20240215   17:35:32      0     24     40      -     41     11      0      0      0      0    405    345 
 20240215   17:35:33      0     24     40      -     41     12      0      0      0      0    405    360 
 20240215   17:35:34      0     24     40      -     36     10      0      0      0      0    405    360 
 20240215   17:35:35      0     24     40      -     36     10      0      0      0      0    405    345 
 20240215   17:35:36      0     25     40      -     37     11      0      0      0      0    405    360 
 20240215   17:35:37      0     24     40      -     34     11      0      0      0      0    405    360 
 20240215   17:35:38      0     26     40      -     37     11      0      0      0      0    405    345 
 20240215   17:35:39      0     24     40      -     40     12      0      0      0      0    405    390 
 20240215   17:35:40      0     25     40      -     34     10      0      0      0      0    405    390 
 20240215   17:35:41      0     25     40      -     36     11      0      0      0      0    405    390 
 20240215   17:35:42      0     24     40      -     35     11      0      0      0      0    405    390 
 20240215   17:35:43      0     24     40      -     37     11      0      0      0      0    405    360 
 20240215   17:35:44      0     25     40      -     40     13      0      0      0      0    405    360 
 20240215   17:35:45      0     25     40      -     37     11      0      0      0      0    405    375 
 20240215   17:35:46      0     24     40      -     35     10      0      0      0      0    405    375 
 20240215   17:35:47      0     24     40      -     38     11      0      0      0      0    405    360 
 20240215   17:35:48      0     24     40      -     35     11      0      0      0      0    405    375 
 20240215   17:35:49      0     24     40      -     36     11      0      0      0      0    405    375 
 20240215   17:35:50      0     25     40      -     37     11      0      0      0      0    405    360 
 20240215   17:35:51      0     24     40      -     38     12      0      0      0      0    405    345 
 20240215   17:35:52      0     25     40      -     38     12      0      0      0      0    405    345 
#Date       Time        gpu    pwr  gtemp  mtemp     sm    mem    enc    dec    jpg    ofa   mclk   pclk 
#YYYYMMDD   HH:MM:SS    Idx      W      C      C      %      %      %      %      %      %    MHz    MHz 
 20240215   17:35:53      0     24     40      -     36     11      0      0      0      0    405    345 
 20240215   17:35:54      0     24     40      -     38     11      0      0      0      0    405    330 
 20240215   17:35:55      0     25     40      -     45     13      0      0      0      0    405    375 
 20240215   17:35:56      0     24     40      -     37     14      0      0      0      0    405    375 
 20240215   17:35:57      0     25     40      -     36     11      0      0      0      0    405    360 
 20240215   17:35:58      0     25     40      -     39     11      0      0      0      0    405    360 
 20240215   17:35:59      0     24     40      -     35     10      0      0      0      0    405    345 
 20240215   17:36:00      0     25     40      -     39     11      0      0      0      0    405    330 
 20240215   17:36:01      0     24     40      -     40     11      0      0      0      0    405    345 
 20240215   17:36:02      0     25     40      -     34     10      0      0      0      0    405    330 
 20240215   17:36:03      0     24     40      -     38     11      0      0      0      0    405    330 
 20240215   17:36:04      0     25     40      -     39     11      0      0      0      0    405    345 
 20240215   17:36:06      0     24     40      -     38     12      0      0      0      0    405    345 
 20240215   17:36:07      0     24     40      -     39     11      0      0      0      0    405    345 
 20240215   17:36:08      0     24     40      -     37     12      0      0      0      0    405    360 
 20240215   17:36:09      0     24     40      -     38     13      0      0      0      0    405    345 
 20240215   17:36:10      0     24     40      -     37     11      0      0      0      0    405    345 
 20240215   17:36:11      0     25     40      -     37     11      0      0      0      0    405    345 
 20240215   17:36:12      0     24     40      -     39     14      0      0      0      0    405    345 
 20240215   17:36:13      0     24     40      -     38     11      0      0      0      0    405    345 
 20240215   17:36:14      0     24     40      -     36     10      0      0      0      0    405    360 
 20240215   17:36:15      0     25     40      -     40     11      0      0      0      0    405    375 
 20240215   17:36:16      0     24     40      -     35     11      0      0      0      0    405    360 
 20240215   17:36:17      0     24     40      -     37     11      0      0      0      0    405    360 
 20240215   17:36:18      0     24     40      -     37     11      0      0      0      0    405    360 
 20240215   17:36:19      0     24     40      -     34     10      0      0      0      0    405    360 
 20240215   17:36:20      0     25     40      -     36     11      0      0      0      0    405    360 
 20240215   17:36:21      0     24     40      -     38     11      0      0      0      0    405    360 
 20240215   17:36:22      0     25     40      -     38     11      0      0      0      0    405    345 
 20240215   17:36:23      0     25     40      -     39     11      0      0      0      0    405    345 
 20240215   17:36:24      0     24     40      -     39     11      0      0      0      0    405    345 
 20240215   17:36:25      0     24     40      -     41     12      0      0      0      0    405    375 
 20240215   17:36:26      0     24     40      -     37     11      0      0      0      0    405    375 
 20240215   17:36:27      0     24     40      -     37     11      0      0      0      0    405    375 
 20240215   17:36:28      0     24     40      -     35     11      0      0      0      0    405    360 
 20240215   17:36:29      0     24     40      -     39     11      0      0      0      0    405    345 
 20240215   17:36:30      0     25     40      -     33     10      0      0      0      0    405    345 
 20240215   17:36:31      0     24     40      -     39     11      0      0      0      0    405    330 
 20240215   17:36:32      0     25     40      -     41     11      0      0      0      0    405    345 
 20240215   17:36:33      0     24     40      -     34     10      0      0      0      0    405    345 
 20240215   17:36:34      0     24     40      -     36     11      0      0      0      0    405    345 
 20240215   17:36:35      0     25     40      -     35     11      0      0      0      0    405    360 
 20240215   17:36:36      0     24     40      -     34     10      0      0      0      0    405    345 
 20240215   17:36:37      0     24     40      -     33     10      0      0      0      0    405    360 
#Date       Time        gpu    pwr  gtemp  mtemp     sm    mem    enc    dec    jpg    ofa   mclk   pclk 
#YYYYMMDD   HH:MM:SS    Idx      W      C      C      %      %      %      %      %      %    MHz    MHz 
 20240215   17:36:38      0     24     40      -     38     13      0      0      0      0    405    360 
 20240215   17:36:39      0     24     40      -     41     11      0      0      0      0    405    360 
 20240215   17:36:40      0     24     40      -     32     11      0      0      0      0    405    360 
 20240215   17:36:41      0     24     40      -     33     12      0      0      0      0    405    330 
 20240215   17:36:42      0     25     40      -     36     11      0      0      0      0    405    315 
 20240215   17:36:43      0     24     40      -     34     10      0      0      0      0    405    315 
 20240215   17:36:44      0     25     40      -     39     11      0      0      0      0    405    315 
 20240215   17:36:45      0     24     40      -     37     11      0      0      0      0    405    315 
 20240215   17:36:46      0     25     40      -     37     11      0      0      0      0    405    315 
 20240215   17:36:47      0     25     40      -     38     11      0      0      0      0    405    330 
 20240215   17:36:48      0     25     40      -     37     11      0      0      0      0    405    330 
 20240215   17:36:49      0     24     40      -     37     11      0      0      0      0    405    315 
 20240215   17:36:50      0     24     40      -     36     10      0      0      0      0    405    300 
 20240215   17:36:51      0     24     40      -     39     11      0      0      0      0    405    300 
 20240215   17:36:52      0     25     40      -     37     11      0      0      0      0    405    330 
 20240215   17:36:53      0     26     40      -     37     12      0      0      0      0    405    420 
 20240215   17:36:54      0     24     40      -     35     15      0      0      0      0    405    420 
 20240215   17:36:55      0     24     40      -     34     11      0      0      0      0    405    405 
 20240215   17:36:56      0     24     40      -     34     11      0      0      0      0    405    375 
 20240215   17:36:57      0     25     40      -     35     14      0      0      0      0    405    360 
 20240215   17:36:58      0     24     40      -     38     12      0      0      0      0    405    345 
 20240215   17:36:59      0     24     40      -     39     11      0      0      0      0    405    345 
 20240215   17:37:00      0     25     40      -     38     12      0      0      0      0    405    345 
 20240215   17:37:01      0     24     40      -     37     12      0      0      0      0    405    345 
 20240215   17:37:02      0     26     40      -     35     13      0      0      0      0    405    390 
 20240215   17:37:03      0     27     40      -     31      7      0      0      0      0    810    435 
 20240215   17:37:04      0     28     40      -     28      7      0      0      0      0    810    435 
 20240215   17:37:05      0     26     40      -     36     12      0      0      0      0    405    375 
 20240215   17:37:06      0     25     40      -     43     13      0      0      0      0    405    390 
 20240215   17:37:07      0     24     40      -     33     10      0      0      0      0    405    390 
 20240215   17:37:08      0     25     40      -     35     11      0      0      0      0    405    375 
 20240215   17:37:09      0     25     40      -     36     11      0      0      0      0    405    360 
 20240215   17:37:10      0     25     40      -     37     11      0      0      0      0    405    345 
 20240215   17:37:11      0     25     40      -     37     11      0      0      0      0    405    345 
 20240215   17:37:12      0     24     40      -     32     10      0      0      0      0    405    345 
 20240215   17:37:13      0     25     40      -     34     10      0      0      0      0    405    330 
 20240215   17:37:14      0     24     40      -     35     12      0      0      0      0    405    315 
 20240215   17:37:15      0     25     40      -     35     11      0      0      0      0    405    330 
 20240215   17:37:16      0     25     40      -     35     11      0      0      0      0    405    330 
 20240215   17:37:17      0     24     40      -     43     12      0      0      0      0    405    360 
 20240215   17:37:18      0     24     40      -     35     11      0      0      0      0    405    360 
 20240215   17:37:19      0     25     40      -     35     11      0      0      0      0    405    345 
 20240215   17:37:20      0     25     40      -     35     11      0      0      0      0    405    360 
 20240215   17:37:21      0     25     40      -     38     13      0      0      0      0    405    360 
#Date       Time        gpu    pwr  gtemp  mtemp     sm    mem    enc    dec    jpg    ofa   mclk   pclk 
#YYYYMMDD   HH:MM:SS    Idx      W      C      C      %      %      %      %      %      %    MHz    MHz 
 20240215   17:37:22      0     25     40      -     32     10      0      0      0      0    405    375 
 20240215   17:37:23      0     25     40      -     33     10      0      0      0      0    405    375 
 20240215   17:37:24      0     25     40      -     40     12      0      0      0      0    405    360 
 20240215   17:37:25      0     24     40      -     31     10      0      0      0      0    405    375 
 20240215   17:37:26      0     25     40      -     37     11      0      0      0      0    405    360 
 20240215   17:37:27      0     25     40      -     39     11      0      0      0      0    405    360 
 20240215   17:37:28      0     25     40      -     36     11      0      0      0      0    405    360 
 20240215   17:37:29      0     25     40      -     37     11      0      0      0      0    405    345 
 20240215   17:37:31      0     24     40      -     40     12      0      0      0      0    405    345 
 20240215   17:37:32      0     25     40      -     33     11      0      0      0      0    405    360 
 20240215   17:37:33      0     25     40      -     34     11      0      0      0      0    405    375 
 20240215   17:37:34      0     25     40      -     36     12      0      0      0      0    405    360 
 20240215   17:37:35      0     25     40      -     39     11      0      0      0      0    405    360 
 20240215   17:37:36      0     25     40      -     37     11      0      0      0      0    405    360 
 20240215   17:37:37      0     24     40      -     33     10      0      0      0      0    405    330 
 20240215   17:37:38      0     25     40      -     36     11      0      0      0      0    405    315 
 20240215   17:37:39      0     24     40      -     42     12      0      0      0      0    405    345 
 20240215   17:37:40      0     24     40      -     34     10      0      0      0      0    405    345 
 20240215   17:37:41      0     25     40      -     37     12      0      0      0      0    405    345 
 20240215   17:37:42      0     24     40      -     40     11      0      0      0      0    405    330 
 20240215   17:37:43      0     25     40      -     35     11      0      0      0      0    405    345 
 20240215   17:37:44      0     26     40      -     38     11      0      0      0      0    405    330 
 20240215   17:37:45      0     25     40      -     36     10      0      0      0      0    405    345 
 20240215   17:37:46      0     26     40      -     31     10      0      0      0      0    405    375 
 20240215   17:37:47      0     25     40      -     38     12      0      0      0      0    405    360 
 20240215   17:37:48      0     25     40      -     37     10      0      0      0      0    405    345 
 20240215   17:37:49      0     25     40      -     35     11      0      0      0      0    405    360 
 20240215   17:37:50      0     24     40      -     36     12      0      0      0      0    405    345 
 20240215   17:37:51      0     25     40      -     39     12      0      0      0      0    405    330 
 20240215   17:37:52      0     25     40      -     43     12      0      0      0      0    405    360 
 20240215   17:37:53      0     25     40      -     36     11      0      0      0      0    405    360 
 20240215   17:37:54      0     24     40      -     32     10      0      0      0      0    405    345 
 20240215   17:37:55      0     25     40      -     36     13      0      0      0      0    405    360 
 20240215   17:37:56      0     24     40      -     37     11      0      0      0      0    405    345 
 20240215   17:37:57      0     25     40      -     40     12      0      0      0      0    405    345 
 20240215   17:37:58      0     24     40      -     37     10      0      0      0      0    405    345 
 20240215   17:37:59      0     24     40      -     35     10      0      0      0      0    405    330 
 20240215   17:38:00      0     25     40      -     34     11      0      0      0      0    405    315 
 20240215   17:38:01      0     25     40      -     38     11      0      0      0      0    405    315 
 20240215   17:38:02      0     25     40      -     39     11      0      0      0      0    405    315 
 20240215   17:38:03      0     25     40      -     35     11      0      0      0      0    405    345 
 20240215   17:38:04      0     25     40      -     38     12      0      0      0      0    405    345 
 20240215   17:38:05      0     25     40      -     41     12      0      0      0      0    405    360 
 20240215   17:38:06      0     24     40      -     35     11      0      0      0      0    405    360 
#Date       Time        gpu    pwr  gtemp  mtemp     sm    mem    enc    dec    jpg    ofa   mclk   pclk 
#YYYYMMDD   HH:MM:SS    Idx      W      C      C      %      %      %      %      %      %    MHz    MHz 
 20240215   17:38:07      0     26     40      -     33     11      0      0      0      0    405    375 
 20240215   17:38:08      0     25     40      -     34     11      0      0      0      0    405    375 
 20240215   17:38:09      0     26     40      -     24      5      0      0      0      0    810    450 
 20240215   17:38:10      0     27     40      -     27      6      0      0      0      0    810    450 
 20240215   17:38:11      0     24     40      -     36     11      0      0      0      0    405    330 
 20240215   17:38:12      0     25     40      -     38     13      0      0      0      0    405    330 
 20240215   17:38:13      0     24     40      -     38     11      0      0      0      0    405    330 
 20240215   17:38:14      0     25     40      -     39     18      0      0      0      0    405    315 
 20240215   17:38:15      0     25     40      -     37     13      0      0      0      0    405    330 
 20240215   17:38:16      0     25     40      -     36     10      0      0      0      0    405    330 
 20240215   17:38:17      0     25     40      -     39     14      0      0      0      0    405    330 
 20240215   17:38:18      0     25     40      -     39     11      0      0      0      0    405    330 
 20240215   17:38:19      0     25     40      -     36     10      0      0      0      0    405    315 
 20240215   17:38:20      0     25     40      -     39     12      0      0      0      0    405    330 
 20240215   17:38:21      0     25     40      -     40     12      0      0      0      0    405    330 
 20240215   17:38:22      0     24     40      -     36     11      0      0      0      0    405    360 
 20240215   17:38:23      0     24     40      -     35     11      0      0      0      0    405    360 
 20240215   17:38:24      0     25     40      -     37     11      0      0      0      0    405    360 
 20240215   17:38:25      0     25     40      -     38     11      0      0      0      0    405    345 
 20240215   17:38:26      0     24     40      -     35     10      0      0      0      0    405    345 
 20240215   17:38:27      0     25     40      -     40     12      0      0      0      0    405    330 
 20240215   17:38:28      0     24     40      -     38     11      0      0      0      0    405    330 
 20240215   17:38:29      0     25     40      -     37     11      0      0      0      0    405    390 
 20240215   17:38:30      0     24     40      -     39     12      0      0      0      0    405    390 
 20240215   17:38:31      0     24     40      -     38     12      0      0      0      0    405    375 
 20240215   17:38:32      0     25     40      -     41     12      0      0      0      0    405    375 
 20240215   17:38:33      0     25     40      -     38     11      0      0      0      0    405    375 
 20240215   17:38:34      0     25     40      -     40     12      0      0      0      0    405    375 
 20240215   17:38:35      0     25     40      -     35     10      0      0      0      0    405    375 
 20240215   17:38:36      0     25     40      -     41     12      0      0      0      0    405    360 
 20240215   17:38:37      0     25     40      -     38     11      0      0      0      0    405    360 
 20240215   17:38:38      0     24     40      -     41     12      0      0      0      0    405    360 
 20240215   17:38:39      0     24     40      -     37     19      0      0      0      0    405    375 
 20240215   17:38:40      0     25     40      -     38     12      0      0      0      0    405    390 
 20240215   17:38:41      0     25     40      -     37     11      0      0      0      0    405    375 
 20240215   17:38:42      0     24     40      -     39     12      0      0      0      0    405    360 
 20240215   17:38:43      0     25     40      -     36     11      0      0      0      0    405    360 
 20240215   17:38:44      0     25     40      -     42     12      0      0      0      0    405    375 
 20240215   17:38:45      0     25     40      -     38     12      0      0      0      0    405    375 
 20240215   17:38:46      0     24     40      -     37     12      0      0      0      0    405    345 
 20240215   17:38:47      0     24     40      -     35     11      0      0      0      0    405    330 
 20240215   17:38:48      0     25     40      -     35     11      0      0      0      0    405    345 
 20240215   17:38:49      0     25     40      -     37     11      0      0      0      0    405    345 
 20240215   17:38:50      0     25     40      -     39     11      0      0      0      0    405    330 
#Date       Time        gpu    pwr  gtemp  mtemp     sm    mem    enc    dec    jpg    ofa   mclk   pclk 
#YYYYMMDD   HH:MM:SS    Idx      W      C      C      %      %      %      %      %      %    MHz    MHz 
 20240215   17:38:51      0     25     40      -     36     13      0      0      0      0    405    330 
 20240215   17:38:52      0     25     40      -     37     11      0      0      0      0    405    345 
 20240215   17:38:53      0     25     40      -     38     11      0      0      0      0    405    330 
 20240215   17:38:55      0     25     40      -     38     11      0      0      0      0    405    345 
 20240215   17:38:56      0     24     40      -     35     12      0      0      0      0    405    360 
 20240215   17:38:57      0     26     40      -     37     14      0      0      0      0    405    360 
 20240215   17:38:58      0     25     40      -     34     12      0      0      0      0    405    375 
 20240215   17:38:59      0     25     40      -     40     12      0      0      0      0    405    375 
 20240215   17:39:00      0     25     40      -     33     17      0      0      0      0    405    375 
 20240215   17:39:01      0     25     40      -     40     12      0      0      0      0    405    375 
 20240215   17:39:02      0     24     40      -     40     11      0      0      0      0    405    375 
 20240215   17:39:03      0     25     40      -     34     10      0      0      0      0    405    360 
 20240215   17:39:04      0     24     40      -     33     10      0      0      0      0    405    345 
 20240215   17:39:05      0     25     40      -     39     11      0      0      0      0    405    360 
 20240215   17:39:06      0     25     40      -     37     12      0      0      0      0    405    390 
 20240215   17:39:07      0     25     40      -     38     11      0      0      0      0    405    390 
 20240215   17:39:08      0     26     40      -     38     12      0      0      0      0    405    390 
 20240215   17:39:09      0     24     40      -     36     11      0      0      0      0    405    375 
 20240215   17:39:10      0     25     40      -     34     11      0      0      0      0    405    390 
 20240215   17:39:11      0     24     40      -     37     11      0      0      0      0    405    390 
 20240215   17:39:12      0     25     40      -     36     11      0      0      0      0    405    390 
 20240215   17:39:13      0     25     40      -     36     11      0      0      0      0    405    375 
 20240215   17:39:14      0     25     40      -     38     11      0      0      0      0    405    360 
 20240215   17:39:15      0     25     40      -     37     12      0      0      0      0    405    360 
 20240215   17:39:16      0     24     40      -     37     13      0      0      0      0    405    345 
 20240215   17:39:17      0     24     40      -     35     11      0      0      0      0    405    345 
 20240215   17:39:18      0     24     40      -     40     12      0      0      0      0    405    330 
 20240215   17:39:19      0     25     40      -     39     11      0      0      0      0    405    330 
 20240215   17:39:20      0     24     40      -     33     10      0      0      0      0    405    330 
 20240215   17:39:21      0     25     40      -     41     12      0      0      0      0    405    330 
 20240215   17:39:22      0     24     40      -     38     11      0      0      0      0    405    330 
 20240215   17:39:23      0     25     40      -     37     12      0      0      0      0    405    330 
 20240215   17:39:24      0     25     40      -     39     11      0      0      0      0    405    315 
 20240215   17:39:25      0     25     41      -     39     11      0      0      0      0    405    330 
 20240215   17:39:26      0     25     41      -     38     12      0      0      0      0    405    330 
 20240215   17:39:27      0     24     40      -     39     11      0      0      0      0    405    330 
 20240215   17:39:28      0     25     41      -     39     11      0      0      0      0    405    330 
 20240215   17:39:29      0     25     40      -     36     11      0      0      0      0    405    330 
 20240215   17:39:30      0     24     40      -     37     11      0      0      0      0    405    330 
 20240215   17:39:31      0     25     40      -     36     10      0      0      0      0    405    315 
 20240215   17:39:32      0     25     40      -     34     10      0      0      0      0    405    315 
 20240215   17:39:33      0     25     41      -     36     11      0      0      0      0    405    345 
 20240215   17:39:34      0     25     40      -     40     12      0      0      0      0    405    345 
 20240215   17:39:35      0     24     40      -     36     11      0      0      0      0    405    345 
#Date       Time        gpu    pwr  gtemp  mtemp     sm    mem    enc    dec    jpg    ofa   mclk   pclk 
#YYYYMMDD   HH:MM:SS    Idx      W      C      C      %      %      %      %      %      %    MHz    MHz 
 20240215   17:39:36      0     24     40      -     37     11      0      0      0      0    405    330 
 20240215   17:39:37      0     25     40      -     37     11      0      0      0      0    405    330 
 20240215   17:39:38      0     24     41      -     37     13      0      0      0      0    405    315 
 20240215   17:39:39      0     25     41      -     37     11      0      0      0      0    405    330 
 20240215   17:39:40      0     25     41      -     39     12      0      0      0      0    405    345 
 20240215   17:39:41      0     24     41      -     37     11      0      0      0      0    405    345 
 20240215   17:39:42      0     25     41      -     39     12      0      0      0      0    405    330 
 20240215   17:39:43      0     24     41      -     35     11      0      0      0      0    405    330 
 20240215   17:39:44      0     25     41      -     38     11      0      0      0      0    405    360 
 20240215   17:39:45      0     24     41      -     33     10      0      0      0      0    405    390 
 20240215   17:39:46      0     25     41      -     34     11      0      0      0      0    405    405 
 20240215   17:39:47      0     25     41      -     35     11      0      0      0      0    405    375 
 20240215   17:39:48      0     25     41      -     32     10      0      0      0      0    405    360 
 20240215   17:39:49      0     25     41      -     38     11      0      0      0      0    405    345 
 20240215   17:39:50      0     24     41      -     34     10      0      0      0      0    405    345 
 20240215   17:39:51      0     25     40      -     34     11      0      0      0      0    405    360 
 20240215   17:39:52      0     24     41      -     36     11      0      0      0      0    405    345 
 20240215   17:39:53      0     25     41      -     36     11      0      0      0      0    405    360 
 20240215   17:39:54      0     24     40      -     34     10      0      0      0      0    405    360 
 20240215   17:39:55      0     25     41      -     38     12      0      0      0      0    405    345 
 20240215   17:39:56      0     25     41      -     35     11      0      0      0      0    405    330 
 20240215   17:39:57      0     25     41      -     36     12      0      0      0      0    405    345 
 20240215   17:39:58      0     25     41      -     36     11      0      0      0      0    405    345 
 20240215   17:39:59      0     25     41      -     37     14      0      0      0      0    405    345 
 20240215   17:40:00      0     25     41      -     39     11      0      0      0      0    405    345 
 20240215   17:40:01      0     25     41      -     37     12      0      0      0      0    405    345 
 20240215   17:40:02      0     25     41      -     38     11      0      0      0      0    405    360 
 20240215   17:40:03      0     25     41      -     35     12      0      0      0      0    405    345 
 20240215   17:40:04      0     24     41      -     41     11      0      0      0      0    405    360 
 20240215   17:40:05      0     25     41      -     32     10      0      0      0      0    405    375 
 20240215   17:40:06      0     24     41      -     39     15      0      0      0      0    405    375 
 20240215   17:40:07      0     24     41      -     38     13      0      0      0      0    405    360 
 20240215   17:40:08      0     25     41      -     38     11      0      0      0      0    405    360 
 20240215   17:40:09      0     24     41      -     37     12      0      0      0      0    405    360 
 20240215   17:40:10      0     25     41      -     38     11      0      0      0      0    405    345 
 20240215   17:40:11      0     25     41      -     35     11      0      0      0      0    405    345 
 20240215   17:40:12      0     25     41      -     39     11      0      0      0      0    405    345 
 20240215   17:40:13      0     25     41      -     36     11      0      0      0      0    405    345 
 20240215   17:40:14      0     25     41      -     33     11      0      0      0      0    405    360 
 20240215   17:40:15      0     24     41      -     36     17      0      0      0      0    405    345 
 20240215   17:40:16      0     25     41      -     39     17      0      0      0      0    405    375 
 20240215   17:40:18      0     24     41      -     36     11      0      0      0      0    405    360 
 20240215   17:40:19      0     25     41      -     35     10      0      0      0      0    405    360 
 20240215   17:40:20      0     25     41      -     37     10      0      0      0      0    405    345 
#Date       Time        gpu    pwr  gtemp  mtemp     sm    mem    enc    dec    jpg    ofa   mclk   pclk 
#YYYYMMDD   HH:MM:SS    Idx      W      C      C      %      %      %      %      %      %    MHz    MHz 
 20240215   17:40:21      0     25     41      -     31     11      0      0      0      0    405    345 
 20240215   17:40:22      0     24     41      -     36     10      0      0      0      0    405    330 
 20240215   17:40:23      0     25     41      -     35     10      0      0      0      0    405    330 
 20240215   17:40:24      0     24     41      -     41     11      0      0      0      0    405    360 
 20240215   17:40:25      0     24     41      -     41     11      0      0      0      0    405    375 
 20240215   17:40:26      0     25     41      -     35     12      0      0      0      0    405    390 
 20240215   17:40:27      0     24     41      -     37     12      0      0      0      0    405    390 
 20240215   17:40:28      0     24     41      -     34     20      0      0      0      0    405    390 
 20240215   17:40:29      0     25     41      -     34     11      0      0      0      0    405    375 
 20240215   17:40:30      0     25     41      -     33     10      0      0      0      0    405    360 
 20240215   17:40:31      0     25     41      -     42     12      0      0      0      0    405    360 
 20240215   17:40:32      0     25     41      -     39     12      0      0      0      0    405    360 
 20240215   17:40:33      0     24     41      -     40     13      0      0      0      0    405    375 
 20240215   17:40:34      0     25     41      -     35     11      0      0      0      0    405    375 
 20240215   17:40:35      0     25     41      -     36     16      0      0      0      0    405    390 
 20240215   17:40:36      0     24     41      -     35     11      0      0      0      0    405    420 
 20240215   17:40:37      0     25     41      -     36     11      0      0      0      0    405    420 
 20240215   17:40:38      0     24     41      -     36     11      0      0      0      0    405    390 
 20240215   17:40:39      0     25     41      -     36     11      0      0      0      0    405    375 
 20240215   17:40:40      0     24     41      -     34     11      0      0      0      0    405    375 
 20240215   17:40:41      0     26     41      -     38     11      0      0      0      0    405    375 
 20240215   17:40:42      0     25     41      -     35     13      0      0      0      0    405    390 
 20240215   17:40:43      0     25     41      -     30     10      0      0      0      0    405    390 
 20240215   17:40:44      0     25     41      -     38     11      0      0      0      0    405    375 
 20240215   17:40:45      0     25     41      -     37     11      0      0      0      0    405    375 
 20240215   17:40:46      0     25     41      -     38     16      0      0      0      0    405    390 
 20240215   17:40:47      0     25     41      -     36     13      0      0      0      0    405    390 
 20240215   17:40:48      0     24     41      -     37     13      0      0      0      0    405    405 
 20240215   17:40:49      0     25     41      -     38     11      0      0      0      0    405    405 
 20240215   17:40:50      0     24     41      -     33     11      0      0      0      0    405    405 
 20240215   17:40:51      0     25     41      -     38     12      0      0      0      0    405    375 
 20240215   17:40:52      0     25     41      -     34     11      0      0      0      0    405    360 
 20240215   17:40:53      0     25     41      -     38     11      0      0      0      0    405    360 
 20240215   17:40:54      0     25     41      -     38     11      0      0      0      0    405    345 
 20240215   17:40:55      0     25     41      -     39     12      0      0      0      0    405    345 
 20240215   17:40:56      0     24     41      -     35     10      0      0      0      0    405    345 
 20240215   17:40:57      0     25     41      -     37     12      0      0      0      0    405    360 
 20240215   17:40:58      0     24     41      -     36     10      0      0      0      0    405    360 
 20240215   17:40:59      0     26     41      -     36     11      0      0      0      0    405    360 
 20240215   17:41:00      0     25     41      -     38     14      0      0      0      0    405    345 
 20240215   17:41:01      0     24     41      -     34     10      0      0      0      0    405    330 
 20240215   17:41:02      0     25     41      -     38     11      0      0      0      0    405    360 
 20240215   17:41:03      0     24     41      -     35     12      0      0      0      0    405    360 
 20240215   17:41:04      0     25     41      -     36     10      0      0      0      0    405    345 
#Date       Time        gpu    pwr  gtemp  mtemp     sm    mem    enc    dec    jpg    ofa   mclk   pclk 
#YYYYMMDD   HH:MM:SS    Idx      W      C      C      %      %      %      %      %      %    MHz    MHz 
 20240215   17:41:05      0     24     41      -     35     10      0      0      0      0    405    345 
 20240215   17:41:06      0     24     41      -     40     12      0      0      0      0    405    345 
 20240215   17:41:07      0     25     41      -     35     11      0      0      0      0    405    345 
 20240215   17:41:08      0     25     41      -     40     12      0      0      0      0    405    345 
 20240215   17:41:09      0     25     41      -     35     10      0      0      0      0    405    360 
 20240215   17:41:10      0     24     41      -     38     11      0      0      0      0    405    360 
 20240215   17:41:11      0     25     41      -     37     11      0      0      0      0    405    345 
 20240215   17:41:12      0     25     41      -     35     14      0      0      0      0    405    330 
 20240215   17:41:13      0     25     41      -     36     11      0      0      0      0    405    375 
 20240215   17:41:14      0     24     41      -     36     11      0      0      0      0    405    345 
 20240215   17:41:15      0     25     41      -     36     11      0      0      0      0    405    345 
 20240215   17:41:16      0     24     41      -     37     11      0      0      0      0    405    330 
 20240215   17:41:17      0     24     41      -     37     14      0      0      0      0    405    345 
 20240215   17:41:18      0     24     41      -     37     11      0      0      0      0    405    345 
 20240215   17:41:19      0     26     41      -     38     11      0      0      0      0    405    345 
 20240215   17:41:20      0     25     41      -     37     11      0      0      0      0    405    345 
 20240215   17:41:21      0     25     41      -     37     11      0      0      0      0    405    345 
 20240215   17:41:22      0     25     41      -     38     11      0      0      0      0    405    360 
 20240215   17:41:23      0     25     41      -     36     14      0      0      0      0    405    360 
 20240215   17:41:24      0     25     41      -     41     11      0      0      0      0    405    360 
 20240215   17:41:25      0     24     41      -     38     11      0      0      0      0    405    360 
 20240215   17:41:26      0     25     41      -     38     11      0      0      0      0    405    345 
 20240215   17:41:27      0     24     41      -     36     11      0      0      0      0    405    330 
 20240215   17:41:28      0     25     41      -     37     10      0      0      0      0    405    345 
 20240215   17:41:29      0     25     41      -     36     10      0      0      0      0    405    330 
 20240215   17:41:30      0     24     41      -     36     11      0      0      0      0    405    345 
 20240215   17:41:31      0     25     41      -     41     12      0      0      0      0    405    345 
 20240215   17:41:32      0     25     41      -     34     11      0      0      0      0    405    345 
